     0/599    0.501G   0.04315    0.0148         0     0.024  0.005222   0.08717        55       224    0.8856    0.8216    0.8777     0.479   0.03716  0.008039         0
     1/599    0.514G   0.04325   0.01443         0   0.02384  0.005062   0.08659        51       224    0.9145    0.7946    0.8772    0.4818   0.03719  0.008042         0
     2/599    0.514G    0.0439   0.01429         0   0.02461  0.005286   0.08808        54       224    0.8777    0.8238    0.8729    0.4638   0.03762   0.00805         0
     3/599    0.514G   0.04402   0.01466         0   0.02457  0.005289   0.08853        53       224    0.9065    0.8024     0.882     0.474   0.03737  0.008039         0
     4/599    0.514G   0.04359   0.01422         0   0.02541  0.005073    0.0883        40       224    0.9179    0.8132    0.8813    0.4598   0.03791  0.008101         0
     5/599    0.514G   0.04344   0.01489         0    0.0248  0.005315   0.08844        67       224    0.8981    0.8237    0.8801      0.47   0.03773  0.008235         0
     6/599    0.514G   0.04414   0.01448         0   0.02496  0.005388   0.08897        65       224    0.8665    0.8407    0.8747    0.4522   0.03837  0.008232         0
     7/599    0.514G    0.0453   0.01477         0    0.0255  0.005359   0.09093        70       224    0.8485     0.811    0.8429    0.4489   0.03986  0.008743         0
     8/599    0.514G   0.04395   0.01458         0   0.02514  0.005343   0.08901        58       224    0.8844    0.7813    0.8481    0.4112   0.03956  0.008546         0
     9/599    0.514G   0.04511   0.01491         0   0.02552  0.005356    0.0909        62       224    0.8831    0.7877    0.8614    0.3808   0.04004  0.008593         0
    10/599    0.514G   0.04439   0.01484         0     0.025  0.005319   0.08955        56       224    0.8927    0.7951    0.8664    0.4377   0.03892  0.008466         0
    11/599    0.514G   0.04485   0.01518         0   0.02561   0.00528   0.09091        46       224    0.8643    0.7983    0.8509    0.4348   0.03963  0.008684         0
    12/599    0.514G   0.04526   0.01476         0   0.02538  0.005562   0.09096        59       224    0.8346    0.7941    0.8359    0.3721   0.04052  0.008677         0
    13/599    0.514G   0.04515   0.01468         0   0.02511  0.005343   0.09029        58       224    0.8396    0.7558    0.8168    0.4068   0.04013  0.008974         0
    14/599    0.514G   0.04585   0.01509         0   0.02595  0.005785   0.09269        47       224    0.8161    0.7941     0.831    0.3785   0.04358  0.008851         0
    15/599    0.514G   0.04666    0.0152         0    0.0265  0.005634   0.09399        45       224    0.7927    0.7549    0.7432    0.2994   0.04383  0.009122         0
    16/599    0.514G   0.04616   0.01524         0   0.02628  0.005418   0.09309        49       224    0.7565    0.7452    0.7739    0.3374   0.04579   0.00945         0
    17/599    0.514G   0.04643   0.01489         0   0.02585  0.005802   0.09298        48       224    0.7968    0.7745    0.7903    0.3586   0.04498   0.01006         0
    18/599    0.514G   0.04751   0.01533         0   0.02697  0.005549   0.09536        47       224    0.7815    0.7214    0.7715    0.2874   0.04496  0.009779         0
    19/599    0.514G   0.04666   0.01527         0   0.02632  0.005715   0.09397        71       224    0.7184    0.7113    0.6787    0.2687   0.04504   0.01016         0
    20/599    0.514G   0.04809   0.01536         0   0.02735  0.005987   0.09679        70       224    0.7597    0.6921    0.7174    0.2827   0.04615  0.009266         0
    21/599    0.514G   0.04783   0.01558         0   0.02764  0.005963   0.09702        64       224     0.801    0.7452    0.7949    0.3408   0.04533  0.009771         0
    22/599    0.514G   0.04745   0.01535         0     0.027  0.005828   0.09562        53       224    0.7697    0.7024    0.7394    0.2432   0.04772  0.009143         0
    23/599    0.514G   0.04675   0.01538         0   0.02612   0.00577   0.09402        65       224    0.8238    0.7452    0.8022    0.3141   0.04453  0.009233         0
    24/599    0.514G   0.04747   0.01549         0   0.02638  0.005892   0.09523        54       224    0.7835    0.7374    0.7727    0.3337   0.04542  0.009677         0
    25/599    0.514G   0.04758   0.01561         0   0.02696  0.005649    0.0958        52       224    0.5671    0.6453    0.4946    0.1912   0.04502   0.01095         0
    26/599    0.514G   0.04711   0.01522         0   0.02726  0.005795   0.09539        68       224    0.8179    0.7154    0.7653    0.3242   0.04335  0.009586         0
    27/599    0.514G   0.04699   0.01486         0   0.02693  0.005648   0.09443        47       224    0.8184    0.7367    0.7968    0.3201   0.04434  0.009399         0
    28/599    0.514G   0.04723   0.01566         0   0.02666  0.005711   0.09527        55       224    0.7699    0.7665    0.7695    0.3262   0.04369  0.009585         0
    29/599    0.514G   0.04763   0.01533         0   0.02696  0.005673    0.0956        72       224    0.7228    0.6943    0.7268    0.3163   0.04748   0.01031         0
    30/599    0.514G   0.04684   0.01511         0   0.02591  0.005793   0.09365        45       224    0.7639    0.7833      0.79    0.3385   0.04351   0.01011         0
    31/599    0.514G   0.04719   0.01517         0    0.0275  0.005704   0.09556        49       224    0.7962    0.7134     0.761    0.3106   0.04412    0.0101         0
    32/599    0.514G   0.04752   0.01535         0   0.02774   0.00564   0.09625        62       224    0.6753    0.7389    0.6793    0.2246   0.04883   0.01045         0
    33/599    0.516G    0.0472    0.0152         0   0.02627  0.005854   0.09453        52       224     0.733    0.7345    0.7094    0.2616    0.0454   0.00903         0
    34/599    0.516G   0.04737   0.01502         0     0.027  0.006023   0.09541        40       224    0.8564    0.7473    0.8387    0.3962   0.04391  0.009246         0
    35/599    0.516G   0.04684   0.01511         0   0.02641  0.005641     0.094        62       224    0.8381    0.7367    0.7743    0.3436   0.04207  0.009552         0
    36/599    0.516G   0.04726   0.01483         0   0.02708    0.0056   0.09477        57       224    0.8725     0.741    0.8229    0.3651   0.04349  0.009341         0
    37/599    0.516G   0.04661   0.01519         0   0.02637  0.005698   0.09388        55       224    0.8498    0.7834    0.8166    0.3739   0.04219  0.009175         0
    38/599    0.516G   0.04721   0.01519         0   0.02673  0.005904   0.09503        55       224    0.7642     0.743    0.7543    0.3079   0.04337  0.009373         0
    39/599    0.516G   0.04722   0.01538         0   0.02662  0.005748   0.09497        57       224    0.8412    0.7535     0.816    0.3778   0.04369  0.009003         0
    40/599    0.516G   0.04683    0.0151         0   0.02592  0.005572   0.09342        58       224    0.8103    0.7558    0.8072    0.3575   0.04345  0.009757         0
    41/599    0.516G   0.04768   0.01556         0   0.02609  0.005914   0.09524        53       224    0.7986     0.766    0.7894    0.3426   0.04485  0.009261         0
    42/599    0.516G   0.04763   0.01538         0   0.02668  0.005806   0.09549        54       224    0.7635     0.713    0.7131    0.2512   0.04768  0.009466         0
    43/599    0.516G   0.04764   0.01543         0   0.02711  0.005672   0.09585        57       224    0.8294    0.7346    0.7818    0.3434   0.04349  0.009563         0
    44/599    0.516G   0.04803   0.01562         0   0.02762  0.005893   0.09716        57       224    0.8287    0.7601    0.7825     0.355   0.04292  0.009302         0
    45/599    0.516G   0.04755   0.01525         0   0.02704   0.00564   0.09548        43       224    0.7498    0.7771    0.7527    0.2975   0.04424  0.008887         0
    46/599    0.516G   0.04709    0.0154         0   0.02685  0.005553   0.09489        55       224    0.8487    0.7619    0.8334    0.3915   0.04226  0.008744         0
    47/599    0.516G    0.0468   0.01562         0     0.027  0.005592     0.095        69       224    0.8494    0.7665    0.8242    0.3741   0.04374   0.00898         0
    48/599    0.516G   0.04687   0.01516         0   0.02672  0.005682   0.09444        52       224      0.86    0.7303     0.807    0.3843   0.04247   0.00923         0
    49/599    0.516G    0.0466   0.01534         0   0.02642  0.005732   0.09409        49       224    0.8367     0.794    0.8156    0.3778   0.04179  0.009568         0
    50/599    0.516G   0.04751    0.0153         0   0.02747  0.005818    0.0961        62       224    0.8017     0.764    0.7776    0.3689   0.04335  0.009434         0
    51/599    0.516G   0.04721   0.01519         0   0.02685   0.00575     0.095        55       224    0.7675    0.7367    0.7687    0.3603   0.04579  0.009187         0
    52/599    0.516G   0.04712   0.01505         0    0.0269  0.005898   0.09497        48       224     0.806    0.7473    0.7735    0.3232   0.04352  0.009239         0
    53/599    0.516G   0.04711   0.01541         0   0.02653  0.005737   0.09479        42       224     0.822    0.8259    0.8512    0.4157   0.04107  0.008811         0
    54/599    0.516G   0.04675   0.01533         0   0.02584  0.005674    0.0936        50       224    0.7946    0.7555    0.7706    0.3062   0.04442  0.009209         0
    55/599    0.516G   0.04688   0.01487         0   0.02609  0.005612   0.09345        46       224    0.7991    0.7537    0.7876    0.3619   0.04354  0.009292         0
    56/599    0.516G   0.04645   0.01533         0   0.02678  0.005613   0.09417        52       224    0.8454    0.7898    0.8312    0.3908   0.04161  0.008856         0
    57/599    0.516G   0.04712   0.01532         0   0.02721  0.005657    0.0953        48       224    0.8361    0.7579    0.8063    0.3396   0.04379  0.008965         0
    58/599    0.516G   0.04683   0.01459         0   0.02636  0.005917    0.0937        56       224    0.8476    0.7556     0.795     0.344   0.04282  0.009476         0
    59/599    0.516G   0.04687   0.01526         0    0.0268  0.005789   0.09471        62       224    0.7614    0.7452    0.7444    0.2786     0.047   0.00986         0
    60/599    0.516G   0.04638    0.0152         0   0.02675  0.005986   0.09432        73       224    0.8592    0.7792    0.8362    0.3967    0.0402  0.009335         0
    61/599    0.516G   0.04712   0.01577         0   0.02708  0.005641   0.09562        54       224    0.8497    0.7707     0.816    0.3472   0.04273  0.009075         0
    62/599    0.516G   0.04717   0.01507         0   0.02685   0.00583   0.09492        39       224     0.831    0.7941    0.8164    0.3788   0.04325  0.009037         0
    63/599    0.516G   0.04641   0.01522         0   0.02629  0.005858   0.09378        69       224    0.8208    0.8004    0.8211    0.3533   0.04414   0.00918         0
    64/599    0.516G   0.04725    0.0157         0   0.02666  0.005723   0.09533        58       224    0.8438    0.7684    0.8148    0.3264   0.04259  0.009115         0
    65/599    0.516G   0.04696   0.01521         0   0.02664  0.005618   0.09443        56       224    0.8902     0.758    0.8398    0.4107   0.04165  0.009991         0
    66/599    0.516G   0.04694     0.015         0   0.02664  0.005568   0.09415        45       224    0.8169    0.7686    0.7865    0.3413   0.04287  0.009337         0
    67/599    0.516G   0.04734   0.01541         0   0.02717  0.005966   0.09589        48       224    0.8321    0.7683    0.8201    0.3608    0.0416  0.009072         0
    68/599    0.516G   0.04635   0.01518         0   0.02626  0.005864   0.09364        57       224     0.787    0.7856    0.8017    0.3509   0.04224  0.009184         0
    69/599    0.516G   0.04682   0.01539         0   0.02696  0.005686   0.09486        57       224    0.8225    0.7495    0.7956    0.3539   0.04204  0.009149         0
    70/599    0.516G   0.04649   0.01516         0   0.02619   0.00559   0.09343        56       224    0.8302    0.7813    0.8225    0.3773   0.04248  0.008773         0
    71/599    0.516G   0.04692   0.01494         0   0.02678  0.005822   0.09447        57       224    0.8289    0.7537    0.7786     0.277    0.0458  0.009729         0
    72/599    0.516G   0.04696   0.01527         0   0.02654  0.005669   0.09444        52       224    0.8048    0.7618    0.7872    0.3788   0.04143  0.008702         0
    73/599    0.516G   0.04733   0.01569         0   0.02632  0.005644   0.09499        49       224     0.817     0.796    0.8153    0.3533   0.04381  0.009145         0
    74/599    0.516G   0.04614   0.01515         0   0.02663  0.005587   0.09351        54       224    0.8291    0.7749    0.7909    0.3484   0.04255  0.009407         0
    75/599    0.516G   0.04745   0.01536         0   0.02683    0.0056   0.09525        52       224    0.8683    0.7701    0.8361    0.3951   0.04193   0.00867         0
    76/599    0.516G   0.04669   0.01528         0   0.02598  0.005647   0.09359        72       224    0.8507     0.762    0.8205    0.3583   0.04326  0.009146         0
    77/599    0.516G    0.0465   0.01488         0   0.02624  0.005533   0.09315        69       224    0.8163    0.7642    0.8199    0.3346   0.04415  0.009156         0
    78/599    0.516G   0.04667    0.0154         0   0.02632  0.005829   0.09422        43       224    0.8543    0.7771    0.8081    0.4148   0.04009  0.008941         0
    79/599    0.516G   0.04702   0.01536         0   0.02649  0.005785   0.09466        56       224    0.8475    0.7686    0.8134    0.3911   0.04247  0.008762         0
    80/599    0.516G    0.0463   0.01495         0   0.02652  0.005751   0.09352        55       224    0.8043    0.7854    0.7938    0.3583   0.04175   0.00914         0
    81/599    0.516G   0.04696   0.01555         0   0.02627  0.005856   0.09463        62       224     0.882    0.7621    0.8355    0.3972   0.04094  0.008965         0
    82/599    0.516G   0.04696   0.01527         0    0.0264  0.005451   0.09409        58       224     0.862     0.743    0.8251    0.4045   0.04186  0.009607         0
    83/599    0.516G   0.04626   0.01492         0   0.02577  0.005814   0.09277        52       224    0.8116    0.7962    0.8065    0.3817   0.04165  0.009378         0
    84/599    0.516G   0.04597   0.01511         0   0.02564  0.005468   0.09219        45       224    0.8257    0.7749    0.7997    0.3661   0.04137  0.009111         0
    85/599    0.516G   0.04644   0.01502         0   0.02639  0.005694   0.09354        55       224    0.8723    0.7113     0.802    0.3894   0.04053  0.008981         0
    86/599    0.516G   0.04633     0.015         0    0.0262  0.005703   0.09324        51       224    0.8355    0.7558    0.8061     0.375   0.04165  0.009361         0
    87/599    0.516G    0.0469    0.0152         0   0.02747  0.005609   0.09519        47       224    0.8505    0.7853    0.8289    0.3721   0.04307  0.008783         0
    88/599    0.516G   0.04681   0.01532         0   0.02705  0.005869   0.09505        73       224    0.8612    0.7537     0.819    0.3964    0.0413  0.009033         0
    89/599    0.516G   0.04718   0.01506         0   0.02664   0.00561   0.09449        53       224    0.8359    0.7896    0.8255    0.3671   0.04163  0.009389         0
    90/599    0.516G   0.04661   0.01515         0    0.0262  0.005416   0.09338        67       224    0.8706       0.8    0.8449    0.4227   0.04067  0.008903         0
    91/599    0.516G   0.04585   0.01486         0   0.02665  0.005728   0.09309        60       224    0.8657    0.7663    0.8419    0.4296   0.04084  0.008729         0
    92/599    0.516G   0.04672   0.01512         0   0.02608  0.005422   0.09334        46       224    0.8713    0.7472    0.8282     0.382   0.04232  0.008726         0
    93/599    0.516G    0.0472   0.01504         0   0.02632  0.005421   0.09399        59       224    0.8214    0.7537      0.78    0.3486   0.04228  0.009686         0
    94/599    0.516G   0.04679   0.01511         0    0.0267  0.005669   0.09426        48       224    0.8235    0.8047    0.8245    0.3981   0.04043  0.008741         0
    95/599    0.516G   0.04641   0.01525         0   0.02614  0.005666   0.09346        52       224    0.9105    0.7342    0.8321    0.4047   0.04044   0.00885         0
    96/599    0.516G   0.04628   0.01496         0   0.02565  0.005502   0.09239        55       224    0.8212    0.7999    0.8254    0.3613    0.0416  0.008783         0
    97/599    0.516G   0.04622   0.01516         0   0.02625  0.005462    0.0931        61       224    0.8838    0.7915    0.8459    0.3892   0.04079   0.00885         0
    98/599    0.516G   0.04659   0.01522         0   0.02658  0.005532   0.09392        48       224    0.8579    0.7834    0.8228    0.4103   0.03983  0.008791         0
    99/599    0.516G   0.04599   0.01504         0   0.02606  0.005657   0.09274        56       224    0.8571     0.764    0.8198    0.4114   0.04026  0.008674         0
   100/599    0.516G   0.04702   0.01517         0   0.02644  0.005618   0.09425        60       224    0.8103    0.7813    0.7915    0.3942   0.04061  0.008848         0
   101/599    0.516G   0.04579   0.01511         0   0.02629  0.005774   0.09297        69       224    0.8277    0.7856    0.7986    0.3855   0.04141  0.008631         0
   102/599    0.516G    0.0467    0.0151         0   0.02604  0.005805   0.09365        54       224    0.8818    0.7444    0.8236    0.4028    0.0426  0.008853         0
