     0/599    0.484G    0.1233    0.1291         0    0.2816   0.01544    0.5494        50       224 0.0004221   0.07643   3.7e-05 7.082e-06    0.1473     15.39         0
     1/599    0.661G   0.09789   0.01929         0    0.2593   0.01385    0.3904        59       224 1.724e-05  0.002123 1.083e-07 2.165e-08    0.1474   0.02873         0
     2/599    0.661G   0.08705   0.02207         0    0.2413   0.01273    0.3631        65       224  0.002322    0.1486 0.0009015 0.0001296    0.1059   0.01067         0
     3/599    0.661G   0.08137   0.02254         0    0.2344   0.01135    0.3497        53       224   0.03181    0.1956   0.01757  0.002893   0.07691   0.01442         0
     4/599    0.661G   0.07811   0.02251         0    0.2331    0.0107    0.3445        64       224   0.03637     0.104    0.0174  0.003158   0.07454   0.01444         0
     5/599    0.661G   0.07534   0.02344         0    0.2318   0.01027    0.3408        53       224    0.0764    0.1231   0.02824  0.004883   0.07091   0.01507         0
     6/599    0.661G   0.07315   0.02307         0     0.229  0.009816    0.3351        51       224    0.1208    0.1675   0.05109  0.009947   0.06842   0.01536         0
     7/599    0.661G   0.07278   0.02315         0    0.2306  0.009591    0.3361        70       224    0.0857     0.276   0.05035   0.01028   0.06632   0.01545         0
     8/599    0.661G   0.07064   0.02286         0    0.2285  0.009614    0.3316        49       224    0.2468    0.2616    0.1205    0.0293   0.06431   0.01552         0
     9/599    0.661G   0.07071   0.02305         0    0.2292  0.009391    0.3324        54       224    0.1967    0.2442    0.1015   0.01936   0.06465   0.01503         0
    10/599    0.661G   0.06874   0.02339         0    0.2274  0.009101    0.3286        53       224    0.2614    0.3291    0.1633   0.03964   0.06122   0.01588         0
    11/599    0.661G   0.06919   0.02324         0    0.2286  0.009014    0.3301        46       224    0.2113    0.2335    0.1091   0.02114   0.06667   0.01568         0
    12/599    0.661G   0.06752   0.02259         0    0.2265  0.009041    0.3256        68       224    0.3746    0.4246    0.2952   0.07881   0.05946   0.01516         0
    13/599    0.661G   0.06702   0.02252         0    0.2245  0.008951     0.323        51       224    0.2664    0.4055    0.1949   0.04807   0.06052   0.01501         0
    14/599    0.661G   0.06625    0.0224         0    0.2242   0.00906    0.3219        57       224    0.3738    0.3376     0.234    0.0479   0.06243   0.01433         0
    15/599    0.661G   0.06603   0.02215         0    0.2238  0.009014     0.321        45       224    0.5795    0.4009    0.4086    0.1194   0.05822    0.0146         0
    16/599    0.661G   0.06498   0.02223         0    0.2226  0.008884    0.3187        58       224     0.447    0.3885    0.2795   0.06235   0.06834   0.01484         0
    17/599    0.661G    0.0641   0.02138         0    0.2177  0.008794     0.312        54       224    0.4525     0.407    0.3295    0.0851   0.06301   0.01396         0
    18/599    0.661G   0.06414   0.02149         0    0.2182  0.008545    0.3124        57       224    0.3366     0.397    0.2367   0.06557   0.06878   0.01553         0
    19/599    0.661G   0.06315    0.0217         0    0.2158   0.00867    0.3094        71       224    0.3987    0.4756    0.3326   0.08703   0.05838    0.0144         0
    20/599    0.661G   0.06329   0.02097         0    0.2165  0.008927    0.3097        53       224    0.6575    0.3567     0.397    0.1114   0.06046   0.01358         0
    21/599    0.661G   0.06291   0.02078         0    0.2143  0.008622    0.3066        47       224    0.3636    0.4501    0.2883   0.06189   0.06532   0.02253         0
    22/599    0.661G   0.06238   0.02101         0    0.2127  0.008567    0.3046        72       224    0.5043     0.414    0.3839   0.09167   0.06312   0.01379         0
    23/599    0.661G   0.06063   0.02045         0    0.2104   0.00849    0.2999        65       224    0.3177    0.4833    0.2682   0.05976   0.05815   0.01358         0
    24/599    0.661G   0.06158   0.02065         0    0.2121  0.008656     0.303        65       224    0.3853    0.2994    0.2199   0.04847   0.06396   0.01436         0
    25/599    0.661G   0.06135   0.02059         0    0.2122  0.008257    0.3023        67       224    0.4986    0.5202    0.3914   0.09612   0.06083   0.01201         0
    26/599    0.661G   0.06033   0.01977         0    0.2079  0.008444    0.2964        58       224    0.4659    0.5096    0.3751   0.09702   0.05795   0.01305         0
    27/599    0.661G   0.06003   0.01927         0    0.2063   0.00819    0.2938        47       224    0.3688    0.4331    0.2759   0.06693   0.06149   0.01394         0
    28/599    0.661G   0.06074    0.0203         0    0.2097  0.008099    0.2988        50       224    0.6089    0.4925    0.4784    0.1457   0.05867   0.01274         0
    29/599    0.661G    0.0603   0.01962         0    0.2084  0.008124    0.2965        50       224    0.4044    0.4671    0.3118    0.0816   0.06209   0.01484         0
    30/599    0.661G    0.0595   0.01949         0    0.2034  0.008244    0.2907        50       224    0.5588    0.4756    0.4208    0.1087   0.05993   0.01587         0
    31/599    0.661G   0.05958   0.01945         0    0.2079  0.008124     0.295        49       224    0.2532    0.4777     0.208   0.04835   0.06909   0.01433         0
    32/599    0.661G   0.05987   0.01955         0    0.2067  0.008033    0.2942        52       224    0.2334    0.3355    0.1344   0.03486   0.06891   0.01528         0
    33/599    0.661G   0.05948   0.01951         0    0.2058  0.008178     0.293        71       224    0.3599    0.4667     0.287   0.07165   0.06261   0.01366         0
    34/599    0.661G    0.0588   0.01898         0    0.2047  0.008204    0.2906        43       224    0.2022    0.3758    0.1293   0.02447   0.07672   0.01475         0
    35/599    0.661G    0.0585   0.01894         0     0.202  0.008007    0.2874        62       224    0.4795    0.3609    0.3045   0.08079   0.06483   0.01403         0
    36/599    0.661G   0.05858   0.01892         0    0.2038  0.008002    0.2893        57       224    0.1887    0.3546    0.1214   0.02217   0.07302   0.01837         0
    37/599    0.661G   0.05907   0.01927         0    0.2052  0.007972    0.2915        61       224    0.2862    0.2845     0.155   0.03327   0.08822    0.0123         0
    38/599    0.661G   0.05859   0.01879         0     0.203  0.008031    0.2884        59       224     0.377    0.4055    0.2702    0.0739   0.05846   0.01591         0
    39/599    0.661G   0.05847   0.01928         0    0.2024  0.007926     0.288        57       224    0.3986    0.4601    0.3132   0.07336   0.06209   0.01327         0
    40/599    0.661G   0.05794   0.01883         0       0.2  0.007931    0.2847        66       224    0.5054    0.4469    0.3821    0.1049   0.06367   0.01477         0
    41/599    0.661G    0.0578   0.01912         0       0.2  0.007935    0.2849        46       224    0.4831     0.552    0.4173    0.1375   0.05677   0.01402         0
    42/599    0.661G   0.05816   0.01884         0    0.2004  0.007855    0.2852        64       224    0.5168     0.482     0.421    0.1234   0.06202   0.01331         0
    43/599    0.661G   0.05819   0.01904         0    0.2001  0.007854    0.2852        57       224    0.5317    0.6002    0.4646    0.1238   0.05612   0.01202         0
    44/599    0.661G   0.05765   0.01892         0    0.2019  0.007905    0.2863        47       224    0.4593    0.4586    0.3639   0.09074   0.06482   0.01228         0
    45/599    0.661G   0.05734   0.01895         0       0.2  0.007831    0.2841        55       224    0.5821    0.5563    0.5064    0.1411   0.05661   0.01292         0
    46/599    0.661G   0.05674   0.01835         0    0.1971  0.007733    0.2799        44       224    0.4902    0.5924    0.4305     0.111   0.06041   0.01219         0
    47/599    0.661G   0.05732   0.01896         0    0.1993  0.007799    0.2834        69       224    0.4903    0.5453     0.392   0.09256   0.06214   0.01152         0
    48/599    0.661G   0.05694   0.01842         0     0.197  0.007803    0.2801        66       224    0.5451    0.5605    0.4438    0.1056   0.06259   0.01113         0
    49/599    0.661G   0.05618   0.01847         0    0.1971   0.00766    0.2794        73       224    0.6166    0.5838    0.5206    0.1372   0.05626   0.01155         0
    50/599    0.661G   0.05714   0.01828         0    0.1984   0.00782    0.2817        48       224    0.6543    0.5707    0.5585    0.1819    0.0568   0.01214         0
    51/599    0.661G   0.05604   0.01814         0    0.1947  0.007539    0.2764        55       224    0.7284    0.6093    0.6252    0.2296   0.05214   0.01124         0
    52/599    0.661G   0.05608   0.01831         0     0.197  0.007709    0.2791        55       224    0.3919    0.5117    0.3323   0.08353   0.06172   0.01225         0
    53/599    0.661G   0.05566   0.01832         0    0.1964  0.007685    0.2781        56       224    0.6184    0.6091    0.5897    0.2154   0.05466   0.01112         0
    54/599    0.661G    0.0561   0.01833         0    0.1945  0.007458    0.2764        57       224    0.7351    0.6303    0.6679    0.2604   0.05063   0.01153         0
    55/599    0.661G   0.05552   0.01786         0    0.1933  0.007398     0.274        46       224    0.6666    0.5732    0.5373    0.1814   0.05463   0.01159         0
    56/599    0.661G   0.05577   0.01835         0    0.1939  0.007337    0.2753        74       224      0.55    0.5775     0.455    0.1441   0.05243   0.01124         0
    57/599    0.661G   0.05581     0.018         0    0.1949  0.007563    0.2763        56       224    0.5517    0.5648    0.4928    0.1476   0.05968   0.01238         0
    58/599    0.661G   0.05614   0.01746         0    0.1949  0.007671    0.2761        42       224    0.7466    0.5506    0.5979    0.1943   0.05829    0.0146         0
    59/599    0.661G     0.055   0.01783         0     0.195  0.007476    0.2753        62       224      0.58    0.6051     0.517    0.1723   0.05658   0.01085         0
    60/599    0.661G   0.05495     0.018         0    0.1951  0.007763    0.2758        63       224    0.6506    0.6497    0.5929    0.2129   0.05101   0.01139         0
    61/599    0.661G   0.05554   0.01859         0    0.1947  0.007435    0.2763        53       224     0.391    0.5117    0.3203   0.08408   0.05818   0.01725         0
    62/599    0.661G   0.05521   0.01788         0    0.1923  0.007571     0.273        55       224    0.5501    0.6263    0.5137    0.1424   0.05621   0.01328         0
    63/599    0.661G   0.05513   0.01821         0    0.1927  0.007499    0.2736        69       224    0.7279    0.6304    0.6295    0.2312   0.05056   0.01086         0
    64/599    0.661G   0.05544   0.01822         0     0.195  0.007289     0.276        57       224    0.6832    0.6476    0.6027    0.2024   0.05312   0.01056         0
    65/599    0.661G   0.05527   0.01797         0    0.1944  0.007199    0.2749        56       224    0.6977    0.5711    0.5639    0.1992   0.05622   0.01081         0
    66/599    0.661G   0.05503   0.01764         0    0.1939  0.007284    0.2738        57       224    0.6863    0.6667    0.6317    0.2211   0.05086   0.01073         0
    67/599    0.661G    0.0553   0.01788         0    0.1936  0.007567    0.2743        48       224    0.5342    0.5626    0.4158     0.107   0.05797   0.01068         0
    68/599    0.661G   0.05441    0.0179         0    0.1928  0.007398    0.2725        59       224    0.7617    0.5836    0.6245     0.211    0.0539   0.01102         0
    69/599    0.661G   0.05422   0.01796         0    0.1917  0.007447    0.2713        59       224    0.7339    0.6093    0.6201     0.215   0.05389   0.01012         0
    70/599    0.661G   0.05379   0.01773         0    0.1903  0.007131    0.2689        58       224    0.5147    0.5032    0.4092    0.1143   0.05751   0.01183         0
    71/599    0.661G   0.05461   0.01755         0     0.192  0.007597    0.2718        57       224    0.6813    0.6497    0.6248    0.2363   0.05404   0.01052         0
    72/599    0.661G   0.05448   0.01776         0    0.1926  0.007359    0.2722        55       224    0.6762    0.6263    0.5996    0.2045   0.05364   0.01137         0
    73/599    0.661G   0.05459   0.01824         0    0.1911  0.007208    0.2712        67       224    0.6694    0.5817    0.5771    0.2299   0.05377   0.01037         0
    74/599    0.661G   0.05401   0.01775         0     0.191  0.007219      0.27        63       224    0.6708    0.6454    0.6072    0.2243   0.05067   0.01128         0
    75/599    0.661G   0.05482   0.01792         0    0.1902  0.007217    0.2702        52       224    0.7545    0.6412    0.6182    0.2024   0.05171   0.01062         0
    76/599    0.661G   0.05373   0.01759         0      0.19   0.00727    0.2686        61       224    0.7706    0.6848    0.6872    0.2352    0.0503   0.01028         0
    77/599    0.661G   0.05316   0.01743         0    0.1889  0.007182    0.2667        66       224     0.532    0.6837    0.4761    0.1739   0.05165   0.01088         0
    78/599    0.661G   0.05401   0.01783         0    0.1898  0.007453    0.2691        71       224    0.7312    0.6539    0.6686    0.2675    0.0499   0.01035         0
    79/599    0.661G   0.05411   0.01795         0    0.1912  0.007373    0.2706        56       224    0.7095    0.6224    0.6132    0.2325   0.05198   0.01076         0
    80/599    0.661G   0.05391   0.01734         0    0.1905  0.007454    0.2692        70       224    0.7554    0.6164    0.6292    0.2217   0.05183   0.01051         0
    81/599    0.661G   0.05402   0.01773         0    0.1913  0.007167    0.2702        50       224     0.737    0.6858    0.6888    0.2593   0.04957   0.01062         0
    82/599    0.661G    0.0538   0.01764         0    0.1878  0.007137    0.2664        57       224    0.6944    0.6348    0.6301    0.2405   0.04941   0.01073         0
    83/599    0.661G   0.05397   0.01734         0    0.1909  0.007339    0.2695        52       224    0.7312    0.6306    0.6209    0.2135   0.05238   0.01037         0
    84/599    0.661G    0.0532   0.01725         0    0.1881   0.00717    0.2657        47       224    0.6584    0.6837    0.6509    0.2379   0.05001   0.01187         0
    85/599    0.661G   0.05369   0.01739         0    0.1905  0.007233    0.2688        50       224    0.6716    0.6688    0.5957    0.2058   0.04996   0.01127         0
    86/599    0.661G   0.05329   0.01768         0    0.1887  0.007085    0.2667        72       224    0.7041    0.6476    0.6538    0.2508   0.05003   0.01174         0
    87/599    0.661G    0.0534   0.01743         0    0.1896  0.007271    0.2677        47       224    0.8101    0.6703     0.715    0.2152   0.05357  0.009939         0
    88/599    0.661G    0.0537   0.01729         0    0.1886  0.007163    0.2667        50       224    0.7636    0.6516    0.6624    0.2347   0.04963   0.01171         0
    89/599    0.661G   0.05385    0.0174         0    0.1896  0.007209     0.268        51       224     0.758    0.6921    0.7091    0.2746   0.04828   0.01058         0
    90/599    0.661G   0.05316    0.0171         0    0.1874  0.006899    0.2645        41       224    0.6385    0.6985    0.5959    0.2055   0.04892    0.0121         0
    91/599    0.661G   0.05293   0.01738         0    0.1889  0.007118    0.2664        60       224    0.7913    0.6688    0.6931    0.2334   0.05036   0.01075         0
    92/599    0.661G   0.05297   0.01726         0     0.188  0.007048    0.2653        54       224    0.8058    0.6433    0.6938    0.2621   0.05038   0.01052         0
    93/599    0.661G    0.0533   0.01735         0    0.1887  0.007069    0.2664        61       224    0.7327    0.6517    0.6027    0.2134    0.0524   0.01096         0
    94/599    0.661G   0.05328   0.01738         0    0.1884  0.007083    0.2661        61       224    0.6909    0.6644    0.5897    0.1927   0.05066   0.01076         0
    95/599    0.661G   0.05252   0.01736         0    0.1887  0.007156    0.2658        52       224    0.7165    0.6709    0.6809    0.2701   0.04937   0.01062         0
    96/599    0.661G   0.05304    0.0173         0    0.1858   0.00691    0.2631        49       224    0.7619    0.5987    0.6522    0.2663   0.05211   0.01112         0
    97/599    0.661G   0.05298   0.01725         0     0.188  0.006946    0.2651        57       224    0.6865    0.6603    0.5739    0.1802   0.05244   0.01086         0
    98/599    0.661G   0.05348   0.01771         0    0.1884  0.006796    0.2663        62       224     0.741    0.6688    0.6445     0.235   0.04941   0.01084         0
    99/599    0.661G   0.05297   0.01704         0    0.1858  0.007055    0.2628        56       224    0.7906    0.6575    0.7039    0.2913   0.04954   0.01041         0
   100/599    0.661G   0.05376   0.01781         0    0.1873  0.006841    0.2657        71       224    0.8001    0.6752    0.7073    0.2832   0.04656   0.01147         0
   101/599    0.661G   0.05187   0.01718         0    0.1846  0.007166    0.2608        49       224    0.7438    0.6667    0.6132    0.1897    0.0526   0.01007         0
   102/599    0.661G   0.05287   0.01732         0    0.1863  0.007077    0.2636        51       224    0.7254    0.6451    0.6566    0.2218   0.05278   0.01132         0
   103/599    0.661G   0.05288   0.01748         0    0.1861  0.007013    0.2634        48       224    0.7577    0.7105    0.7285    0.3081   0.04991   0.01077         0
   104/599    0.661G   0.05251   0.01698         0    0.1836  0.007053    0.2602        52       224    0.8268      0.69     0.741    0.2998   0.04991   0.01016         0
   105/599    0.661G   0.05288   0.01718         0    0.1862  0.007044    0.2633        56       224    0.7437    0.6985    0.7134    0.2675   0.04779   0.01032         0
   106/599    0.661G   0.05317   0.01717         0    0.1848  0.006901     0.262        48       224     0.696    0.6624    0.6429    0.2431   0.05205   0.01097         0
   107/599    0.661G   0.05313   0.01729         0    0.1864  0.006858    0.2637        60       224    0.7966    0.6327    0.7103    0.2857   0.05098   0.01027         0
   108/599    0.661G   0.05297   0.01765         0    0.1878  0.007054    0.2655        73       224    0.6995    0.6624    0.6554    0.2415   0.05245   0.01032         0
   109/599    0.663G   0.05263   0.01728         0    0.1853  0.006986    0.2621        45       224    0.7601    0.7129    0.7199    0.2825   0.04843  0.009982         0
   110/599    0.663G    0.0523   0.01725         0    0.1855  0.006712    0.2617        64       224    0.7764    0.6051    0.6063    0.2117   0.05307   0.01069         0
   111/599    0.663G   0.05277   0.01725         0    0.1857   0.00718    0.2629        43       224    0.7723     0.713    0.6973    0.2379   0.04926    0.0103         0
   112/599    0.663G   0.05233   0.01696         0    0.1842  0.006911    0.2604        42       224    0.6473    0.6665    0.5798    0.1678   0.05099   0.01294         0
   113/599    0.663G   0.05208   0.01734         0    0.1838  0.006832      0.26        64       224    0.7349    0.6667     0.673    0.2779   0.04956   0.01081         0
   114/599    0.663G   0.05231   0.01703         0    0.1853  0.006905    0.2616        55       224    0.6554    0.6391    0.6285     0.218   0.05069   0.01178         0
   115/599    0.663G   0.05174   0.01722         0    0.1829  0.006825    0.2586        52       224    0.7515    0.6943    0.7132    0.2967   0.04871   0.01044         0
   116/599    0.663G   0.05212   0.01654         0    0.1838  0.007047    0.2595        51       224    0.8249    0.7049     0.744    0.3139    0.0471   0.01019         0
   117/599    0.663G   0.05285   0.01716         0     0.184  0.006928     0.261        52       224    0.7308    0.7491    0.7108    0.2663   0.04692   0.00997         0
   118/599    0.663G    0.0522   0.01682         0    0.1829  0.006997    0.2589        53       224     0.852    0.7091    0.7707    0.2875   0.04743   0.01015         0
   119/599    0.663G   0.05256   0.01709         0     0.182   0.00665    0.2583        56       224    0.7774    0.7197    0.7192    0.2939   0.04735   0.01042         0
   120/599    0.663G   0.05161   0.01685         0    0.1809  0.006873    0.2562        53       224    0.7749    0.7091    0.7361    0.2693   0.04764   0.01013         0
   121/599    0.663G   0.05209   0.01705         0    0.1828  0.006951    0.2589        58       224    0.8387    0.6752    0.7499    0.3046   0.04653   0.01043         0
   122/599    0.663G   0.05185   0.01725         0    0.1821  0.006855    0.2581        65       224    0.8059    0.6346    0.7125    0.2672   0.04906   0.01082         0
   123/599    0.663G   0.05145   0.01671         0    0.1777  0.007159     0.253        53       224     0.814    0.6879    0.7293     0.262   0.04953   0.01014         0
   124/599    0.663G   0.05073   0.01702         0    0.1807  0.007054    0.2555        50       224    0.6948    0.7106    0.7099    0.2903   0.04815   0.01103         0
   125/599    0.663G   0.05242   0.01734         0    0.1833  0.006793    0.2598        70       224    0.7337    0.7196    0.7389    0.3078   0.04814   0.01037         0
   126/599    0.663G   0.05182    0.0166         0    0.1806  0.006815    0.2558        50       224    0.8205    0.7279     0.764    0.3384   0.04643  0.009764         0
   127/599    0.663G   0.05197   0.01673         0     0.183  0.006924    0.2586        53       224    0.7621    0.6667    0.6668    0.2216   0.05049   0.01056         0
   128/599    0.663G   0.05241   0.01665         0     0.183  0.006755    0.2588        50       224    0.7035    0.6752    0.6772    0.2593   0.04821   0.01106         0
   129/599    0.663G   0.05156   0.01694         0     0.181  0.006879    0.2564        57       224    0.7965    0.6897    0.7252     0.273   0.04742   0.01009         0
   130/599    0.663G   0.05226   0.01734         0    0.1827  0.006844    0.2591        49       224    0.7783    0.6815    0.7123    0.2953   0.04608   0.01027         0
   131/599    0.663G   0.05166   0.01723         0    0.1808  0.006839    0.2565        53       224    0.8158    0.6985    0.7608    0.2989   0.04649   0.01024         0
   132/599    0.663G   0.05167   0.01699         0    0.1811  0.006802    0.2566        51       224    0.7767    0.7091    0.7059    0.2673   0.04834   0.01002         0
   133/599    0.663G   0.05127   0.01688         0    0.1804  0.006752    0.2553        55       224    0.8172    0.6943    0.7306    0.2997   0.04761   0.01002         0
   134/599    0.663G   0.05121   0.01733         0    0.1811  0.006626    0.2563        57       224    0.7072    0.7028    0.7096    0.2878   0.04882  0.009966         0
   135/599    0.663G   0.05179   0.01731         0     0.181  0.006867     0.257        72       224    0.7755    0.6242    0.6887    0.2463    0.0528   0.01043         0
   136/599    0.663G   0.05149   0.01678         0      0.18  0.006738     0.255        61       224    0.8296    0.7028    0.7561     0.327   0.04591   0.01025         0
   137/599    0.663G    0.0512   0.01666         0    0.1803  0.006916    0.2551        47       224    0.8122     0.707    0.7364    0.3244   0.04539  0.009948         0
   138/599    0.663G   0.05142   0.01714         0    0.1811  0.006851    0.2565        68       224    0.8113    0.7219    0.7501    0.3045   0.04536  0.009888         0
   139/599    0.663G   0.05144   0.01666         0    0.1818  0.006881    0.2568        52       224    0.8104    0.7006    0.7393    0.2823   0.04682   0.01006         0
   140/599    0.663G   0.05121    0.0168         0     0.179  0.006606    0.2536        57       224    0.8586    0.6702    0.7572    0.3337   0.04538   0.01041         0
   141/599    0.663G   0.05128   0.01721         0    0.1811  0.007017    0.2566        61       224    0.8436    0.7134     0.764    0.3221   0.04634   0.01005         0
   142/599    0.663G   0.05198   0.01699         0    0.1829  0.006803    0.2587        61       224    0.7937    0.7514     0.776    0.3238   0.04646  0.009971         0
   143/599    0.663G   0.05113   0.01675         0    0.1793  0.006861     0.254        53       224    0.8102    0.7067     0.744    0.3131   0.04555  0.009877         0
   144/599    0.663G   0.05126    0.0168         0    0.1809  0.006968    0.2559        48       224     0.798    0.7495    0.7791    0.3622   0.04593   0.01007         0
   145/599    0.663G   0.05106   0.01653         0    0.1797   0.00666    0.2539        44       224    0.8624    0.6921    0.7548    0.3228   0.04492   0.01013         0
   146/599    0.663G   0.05095   0.01716         0    0.1783  0.006684    0.2531        60       224      0.81    0.7239    0.7648    0.3297   0.04469  0.009636         0
   147/599    0.663G   0.05165   0.01659         0    0.1796  0.006876    0.2548        42       224    0.8408    0.7197     0.765    0.3593   0.04516  0.009844         0
   148/599    0.663G   0.05091   0.01648         0    0.1772  0.006973    0.2515        53       224    0.8305    0.6667    0.7364    0.3121   0.04911  0.009835         0
   149/599    0.663G   0.05185   0.01723         0    0.1818  0.006831    0.2577        64       224    0.8018    0.7216     0.765    0.3371   0.04554  0.009889         0
   150/599    0.663G   0.05162   0.01686         0    0.1821  0.006671    0.2572        52       224    0.7587    0.7622    0.7574    0.3182   0.04519  0.009713         0
   151/599    0.663G   0.05098   0.01701         0    0.1794  0.006769    0.2541        49       224    0.8747    0.7134    0.7867    0.3545   0.04664  0.009639         0
   152/599    0.663G    0.0516   0.01687         0    0.1805  0.006766    0.2558        56       224    0.8107    0.7003    0.7602    0.3368    0.0464    0.0096         0
   153/599    0.663G   0.05167   0.01731         0     0.181  0.006631    0.2566        63       224    0.8223    0.7174    0.7476    0.3317   0.04603   0.01027         0
   154/599    0.663G   0.05133   0.01725         0    0.1808   0.00676    0.2562        65       224    0.8027    0.7346    0.7576    0.3497   0.04593   0.01002         0
   155/599    0.663G   0.05233   0.01658         0     0.182   0.00667    0.2575        51       224    0.7714    0.7389    0.7658    0.3235   0.04622  0.009646         0
   156/599    0.663G   0.05146   0.01695         0    0.1799  0.006686     0.255        57       224    0.8257    0.7261    0.7779    0.3458   0.04596  0.009884         0
   157/599    0.663G   0.05106   0.01706         0    0.1794  0.006652    0.2541        58       224    0.7818    0.7028    0.7518    0.3239   0.04531  0.009929         0
   158/599    0.663G   0.05098   0.01697         0    0.1783  0.006824    0.2531        56       224    0.7675    0.7643     0.747    0.3003   0.04623   0.01004         0
   159/599    0.663G   0.05062   0.01661         0    0.1789  0.006576    0.2527        55       224    0.8418    0.7261    0.7725    0.3666    0.0452   0.00982         0
   160/599    0.663G    0.0509   0.01683         0    0.1771   0.00653    0.2514        54       224    0.8328     0.741    0.7727    0.3245   0.04511   0.00972         0
   161/599    0.663G    0.0504   0.01657         0    0.1759  0.006605    0.2495        64       224    0.8914    0.7431    0.8191    0.3789   0.04414  0.009624         0
   162/599    0.663G   0.05071   0.01668         0    0.1764  0.006583    0.2504        60       224    0.8519    0.7448    0.7875     0.359   0.04453  0.009834         0
   163/599    0.663G   0.05127   0.01673         0    0.1791  0.006855    0.2539        57       224    0.8404    0.7091    0.7728    0.3504   0.04535   0.00982         0
   164/599    0.663G   0.05002    0.0165         0    0.1779  0.006687    0.2511        52       224    0.8491    0.7431    0.7888    0.3708   0.04443  0.009333         0
   165/599    0.663G   0.05063   0.01627         0    0.1788  0.006726    0.2524        54       224    0.8625    0.7325    0.7919    0.3743   0.04469  0.009642         0
   166/599    0.663G   0.05072   0.01663         0    0.1776  0.006604    0.2515        54       224    0.7389    0.7813     0.778    0.3197   0.04612  0.009892         0
   167/599    0.663G   0.05063   0.01681         0    0.1776  0.006672    0.2517        63       224    0.8056     0.758    0.7778    0.3421   0.04633   0.00948         0
   168/599    0.663G   0.05036   0.01631         0    0.1778  0.006693    0.2512        40       224    0.8301    0.7176    0.7658    0.3018   0.04661  0.009391         0
   169/599    0.663G   0.05122   0.01678         0     0.179  0.006856    0.2539        69       224    0.8309    0.7409    0.7894    0.3574   0.04468  0.009568         0
   170/599    0.663G   0.05122   0.01687         0    0.1795  0.006698    0.2543        65       224    0.8349    0.7407    0.8076    0.3593   0.04459  0.009532         0
   171/599    0.663G   0.05077   0.01678         0    0.1769  0.006652    0.2511        61       224    0.8438    0.7325    0.7768    0.3547   0.04431  0.009534         0
   172/599    0.663G   0.05049   0.01651         0    0.1753   0.00675     0.249        63       224    0.8123     0.726    0.7705    0.3285   0.04396  0.009613         0
   173/599    0.663G   0.05099   0.01708         0    0.1803   0.00662     0.255        40       224     0.765    0.7197    0.7082    0.2646   0.04736   0.01014         0
   174/599    0.663G   0.04972   0.01642         0    0.1755  0.006714    0.2483        57       224    0.8241    0.7473     0.773    0.3273   0.04522  0.009879         0
   175/599    0.663G   0.05089    0.0164         0    0.1786  0.006757    0.2527        55       224    0.8835    0.7091    0.8081    0.3845   0.04427  0.009325         0
   176/599    0.663G   0.05032   0.01699         0    0.1773  0.006797    0.2514        53       224    0.8333    0.7431    0.7876    0.3564   0.04471  0.009632         0
   177/599    0.663G   0.05054   0.01671         0    0.1772  0.006867    0.2513        65       224    0.8007    0.7516    0.7848    0.3605   0.04604  0.009705         0
   178/599    0.663G   0.05151   0.01689         0     0.179   0.00658     0.254        69       224     0.844    0.7473       0.8    0.3663   0.04468  0.009896         0
   179/599    0.663G   0.04988    0.0164         0    0.1755  0.006688    0.2484        57       224    0.8608    0.7261    0.7863    0.3525   0.04458  0.009675         0
   180/599    0.663G   0.05065   0.01635         0     0.176  0.006719    0.2498        54       224    0.8372    0.7641    0.7995    0.3295   0.04457  0.009747         0
   181/599    0.663G   0.05037   0.01654         0    0.1756   0.00672    0.2493        60       224    0.8704    0.7473    0.8083    0.3824   0.04463  0.009727         0
   182/599    0.663G   0.05021   0.01663         0    0.1783  0.006581    0.2517        66       224    0.8321     0.758    0.7843    0.3401   0.04416  0.009583         0
   183/599    0.663G   0.05092   0.01689         0    0.1775  0.006816    0.2521        73       224    0.8636    0.7395    0.8067      0.36   0.04405   0.00953         0
   184/599    0.663G   0.05078   0.01683         0    0.1768  0.006732    0.2512        41       224    0.8537     0.724    0.7856    0.3677   0.04418  0.009377         0
   185/599    0.663G   0.05107    0.0168         0    0.1764  0.006762     0.251        64       224    0.8541    0.7579    0.8093    0.3497   0.04461  0.009373         0
   186/599    0.663G   0.04984    0.0166         0     0.173  0.006562     0.246        53       224    0.8425    0.7282    0.7889    0.3783   0.04492  0.009763         0
   187/599    0.663G   0.05011   0.01636         0    0.1759    0.0066    0.2489        50       224    0.8327    0.7289     0.773    0.3624    0.0441  0.009532         0
   188/599    0.663G   0.05027   0.01657         0    0.1771  0.006574    0.2505        54       224    0.8533    0.7535    0.8245    0.3944    0.0434  0.009247         0
   189/599    0.663G   0.05023   0.01665         0    0.1772  0.006728    0.2508        64       224    0.8415    0.7664    0.8093    0.3795   0.04361  0.009455         0
   190/599    0.663G   0.04974   0.01653         0    0.1762   0.00649     0.249        49       224    0.8982    0.7389    0.8151    0.3729   0.04281  0.009548         0
   191/599    0.663G    0.0499   0.01645         0    0.1765  0.006648    0.2495        54       224    0.8709    0.7591    0.8167    0.3731   0.04418  0.009523         0
   192/599    0.663G   0.05071   0.01621         0    0.1761  0.006723    0.2497        52       224    0.8668      0.76     0.816    0.3844   0.04325  0.009435         0
   193/599    0.663G   0.04998   0.01664         0    0.1754  0.006476    0.2485        56       224    0.8419    0.7473     0.792     0.377   0.04401  0.009404         0
   194/599    0.663G   0.05074   0.01674         0    0.1767  0.006428    0.2506        59       224     0.834    0.7367    0.7945    0.3477   0.04386  0.009731         0
   195/599    0.663G   0.05026   0.01644         0    0.1763  0.006635    0.2497        48       224    0.8037    0.7665     0.779     0.346   0.04367  0.009918         0
   196/599    0.663G   0.05064   0.01619         0    0.1771  0.006618    0.2505        56       224    0.8226    0.7792    0.7968    0.3631   0.04363  0.009351         0
   197/599    0.663G   0.05018   0.01668         0    0.1773  0.006595    0.2507        65       224    0.8643    0.7707    0.8016    0.3721   0.04295  0.009283         0
   198/599    0.663G   0.05011   0.01672         0    0.1751  0.006651    0.2485        55       224    0.8877    0.7728    0.8359    0.3956   0.04278  0.009479         0
   199/599    0.663G   0.04989   0.01644         0    0.1756  0.006764    0.2487        48       224    0.8811    0.7238    0.8035    0.3628   0.04296  0.009405         0
   200/599    0.663G   0.05056   0.01638         0    0.1758  0.006576    0.2493        57       224    0.8496    0.7556    0.8075    0.3922   0.04286  0.009323         0
   201/599    0.663G   0.05045   0.01696         0    0.1775  0.006674    0.2515        63       224    0.8772    0.7429    0.8004    0.3682   0.04352  0.009364         0
   202/599    0.663G   0.05075   0.01663         0    0.1766  0.006451    0.2505        64       224    0.8616    0.7405    0.8067     0.363   0.04477  0.009184         0
   203/599    0.663G   0.05032   0.01653         0    0.1769  0.006329      0.25        57       224    0.8789    0.7705    0.8233    0.3875   0.04328  0.009394         0
   204/599    0.663G   0.04995   0.01653         0    0.1765  0.006562    0.2495        48       224    0.8739    0.7516    0.8095    0.4148   0.04291  0.009524         0
   205/599    0.663G   0.04999   0.01637         0    0.1718  0.006938    0.2451        47       224    0.8789    0.7346    0.8114    0.3859   0.04353   0.00952         0
   206/599    0.663G   0.04945   0.01655         0    0.1742   0.00655    0.2468        54       224    0.8592    0.7261    0.7887     0.377   0.04335  0.009296         0
   207/599    0.663G   0.04978   0.01634         0     0.173  0.006488    0.2457        47       224    0.8811    0.7239    0.7899    0.3413    0.0439  0.009375         0
   208/599    0.663G   0.04995   0.01621         0    0.1753   0.00653     0.248        51       224     0.865    0.7771     0.811    0.4033   0.04287   0.00936         0
   209/599    0.663G   0.05006    0.0167         0    0.1776  0.006486    0.2508        56       224    0.9038    0.7578    0.8286    0.4112   0.04314  0.009297         0
   210/599    0.663G   0.04946   0.01634         0    0.1727  0.006244    0.2448        54       224    0.8974    0.7426    0.8182     0.376   0.04307  0.009421         0
   211/599    0.663G   0.04971    0.0165         0    0.1741  0.006671     0.247        50       224    0.8675    0.7231    0.7992    0.3729   0.04313  0.009235         0
   212/599    0.663G   0.05064    0.0169         0    0.1746  0.006575    0.2487        50       224    0.8787    0.7389    0.8205    0.3943   0.04309  0.009214         0
   213/599    0.663G    0.0499   0.01647         0    0.1762  0.006534    0.2492        59       224    0.8797    0.7452    0.8212    0.3987     0.043  0.009351         0
   214/599    0.663G   0.05004   0.01661         0    0.1751  0.006685    0.2485        69       224    0.8672    0.7537    0.8178    0.3946   0.04252   0.00949         0
   215/599    0.663G   0.05064   0.01689         0    0.1745  0.006702    0.2487        58       224    0.8766    0.7558    0.8225    0.4074   0.04259  0.009356         0
   216/599    0.663G   0.04952   0.01674         0     0.173  0.006542    0.2458        45       224    0.8386    0.7832     0.818    0.4125   0.04264  0.009251         0
   217/599    0.663G    0.0497    0.0165         0    0.1738  0.006472    0.2465        67       224    0.8966    0.7282    0.8168    0.4118   0.04156  0.009286         0
   218/599    0.663G   0.04902   0.01634         0    0.1723  0.006629    0.2443        63       224    0.8662    0.7833    0.8413    0.4174   0.04202   0.00937         0
   219/599    0.663G   0.04974   0.01668         0    0.1757  0.006342    0.2485        70       224    0.8152    0.7961     0.829    0.4047   0.04219  0.009171         0
   220/599    0.663G   0.05029   0.01612         0    0.1743  0.006686    0.2474        46       224    0.8844    0.7325    0.8096    0.3924    0.0426  0.009207         0
   221/599    0.663G    0.0497   0.01601         0    0.1717  0.006531     0.244        56       224    0.9054    0.7516    0.8343     0.411   0.04315  0.009152         0
   222/599    0.663G   0.04988   0.01639         0    0.1753  0.006658    0.2482        70       224     0.879    0.7558     0.832    0.4247   0.04206  0.009189         0
   223/599    0.663G   0.05038   0.01652         0    0.1755  0.006477    0.2488        71       224    0.8511     0.741    0.7974    0.4027   0.04275  0.009082         0
   224/599    0.663G   0.05023   0.01623         0    0.1753  0.006271     0.248        64       224    0.8423    0.7937    0.8363    0.3944   0.04257   0.00911         0
   225/599    0.663G   0.04953   0.01636         0    0.1735   0.00639    0.2458        60       224    0.8848    0.7665    0.8319    0.3711   0.04343  0.009333         0
   226/599    0.663G   0.04913   0.01639         0     0.173  0.006656    0.2451        65       224    0.8893    0.7686    0.8312    0.4297    0.0427  0.009063         0
   227/599    0.663G   0.04944   0.01645         0    0.1718  0.006312     0.244        56       224    0.8613    0.7665    0.8279     0.406   0.04229  0.009151         0
   228/599    0.663G   0.04872    0.0168         0    0.1718   0.00646    0.2438        72       224    0.8483    0.7834    0.8305    0.3964   0.04207  0.009113         0
   229/599    0.663G   0.04952   0.01594         0    0.1747  0.006621    0.2468        37       224    0.8658     0.811     0.842    0.4138   0.04124  0.009217         0
   230/599    0.663G   0.05026   0.01697         0    0.1753  0.006474     0.249        72       224    0.8908    0.7622    0.8498    0.4298   0.04206  0.009007         0
   231/599    0.663G   0.04943   0.01626         0     0.174  0.006488    0.2462        51       224     0.877    0.7869    0.8496    0.4149   0.04133  0.009111         0
   232/599    0.663G    0.0494    0.0162         0    0.1738  0.006502    0.2459        63       224    0.8846    0.8153    0.8577    0.4371   0.04153  0.009032         0
   233/599    0.663G   0.04993    0.0164         0    0.1741  0.006393    0.2468        68       224    0.8738    0.7789    0.8361    0.4151   0.04241  0.009122         0
   234/599    0.663G   0.04989    0.0162         0    0.1734  0.006455     0.246        42       224    0.8974    0.7431    0.8196    0.4152   0.04306  0.009106         0
   235/599    0.663G   0.04955   0.01639         0    0.1719  0.006349    0.2442        53       224    0.8515    0.7919    0.8333    0.4251   0.04189  0.009073         0
   236/599    0.663G   0.04937    0.0161         0    0.1741  0.006501    0.2461        55       224    0.8672    0.8042    0.8403     0.408   0.04236  0.009067         0
   237/599    0.663G   0.04942   0.01667         0    0.1737   0.00638    0.2462        62       224    0.8957    0.7659     0.846    0.4289   0.04186  0.009014         0
   238/599    0.663G   0.04958   0.01645         0     0.174  0.006204    0.2463        51       224    0.9068     0.764    0.8436    0.4085   0.04177  0.009091         0
   239/599    0.663G   0.04974   0.01618         0    0.1733  0.006454    0.2457        64       224    0.8828    0.7834    0.8358    0.4125   0.04229   0.00912         0
   240/599    0.663G   0.04955   0.01604         0    0.1721  0.006431    0.2441        57       224    0.8706    0.7855    0.8423    0.4154   0.04194   0.00924         0
   241/599    0.663G   0.05013   0.01627         0    0.1733   0.00658    0.2463        52       224    0.8819    0.7962    0.8473    0.4065   0.04119  0.009104         0
   242/599    0.663G   0.04942   0.01634         0    0.1727  0.006589    0.2451        53       224    0.8862    0.7941    0.8448    0.4124   0.04132  0.009021         0
   243/599    0.663G    0.0496   0.01656         0    0.1737  0.006304    0.2462        71       224    0.8999    0.7643    0.8332    0.4272   0.04139  0.009035         0
   244/599    0.663G    0.0497   0.01637         0     0.171  0.006414    0.2435        63       224     0.902    0.7665    0.8246    0.3919   0.04157  0.009232         0
   245/599    0.663G   0.04971   0.01603         0    0.1731  0.006449    0.2452        44       224    0.8642    0.7856    0.8471    0.4247   0.04156  0.009023         0
   246/599    0.663G   0.04964   0.01657         0    0.1744  0.006362     0.247        60       224    0.8408    0.8004    0.8398    0.4202    0.0416  0.009022         0
   247/599    0.663G   0.04955    0.0163         0    0.1735  0.006399    0.2457        59       224    0.8587    0.7877    0.8441    0.4193   0.04195  0.008994         0
   248/599    0.663G   0.04946   0.01625         0    0.1711  0.006425    0.2433        53       224    0.8841    0.7792    0.8422    0.4124   0.04185  0.008997         0
   249/599    0.663G   0.04929   0.01638         0    0.1736  0.006543    0.2458        63       224    0.8706    0.8004    0.8503    0.4265   0.04129  0.008922         0
   250/599    0.663G   0.04861    0.0164         0    0.1711  0.006222    0.2423        53       224    0.8781    0.7813     0.838    0.4112   0.04197  0.009071         0
   251/599    0.663G   0.04898    0.0159         0    0.1726   0.00648     0.244        56       224     0.852    0.7856    0.8326    0.4058   0.04204  0.009067         0
   252/599    0.663G   0.04905   0.01612         0    0.1717  0.006307    0.2432        49       224    0.8914    0.7686    0.8511    0.4366   0.04135  0.008965         0
   253/599    0.663G   0.04983   0.01669         0    0.1746  0.006457    0.2475        53       224    0.8756    0.7769    0.8457     0.447    0.0418  0.008931         0
   254/599    0.663G   0.04977   0.01648         0    0.1747  0.006282    0.2472        65       224    0.9074    0.7749    0.8508    0.4503   0.04139  0.009079         0
   255/599    0.663G   0.04916   0.01639         0    0.1739  0.006435    0.2458        47       224    0.8555    0.7919    0.8437    0.4417   0.04113  0.008982         0
   256/599    0.663G   0.04896   0.01637         0    0.1728  0.006409    0.2446        55       224    0.8691    0.7897    0.8328    0.4222   0.04122  0.009095         0
   257/599    0.663G   0.04946   0.01639         0    0.1739  0.006339    0.2461        54       224    0.8823    0.7813    0.8411    0.4194   0.04152  0.008935         0
   258/599    0.663G   0.04941   0.01627         0     0.174  0.006475    0.2461        47       224    0.8926    0.7771    0.8402      0.43   0.04108  0.008931         0
   259/599    0.663G   0.04867   0.01581         0    0.1703  0.006393    0.2411        52       224    0.9056    0.7792    0.8455    0.4224   0.04087  0.008954         0
   260/599    0.663G   0.04906   0.01636         0    0.1714  0.006209     0.243        56       224    0.8748    0.7877    0.8379    0.4297   0.04093  0.009014         0
   261/599    0.663G   0.04862   0.01638         0    0.1708  0.006641    0.2424        67       224    0.8921    0.7725    0.8407      0.43   0.04089   0.00902         0
   262/599    0.663G   0.04849   0.01661         0    0.1706  0.006333    0.2421        57       224    0.8891    0.7663    0.8397    0.4258   0.04091  0.009035         0
   263/599    0.663G   0.04891   0.01586         0    0.1694  0.006576    0.2407        57       224    0.8558    0.7812    0.8251     0.423   0.04113  0.008893         0
   264/599    0.663G   0.04894   0.01633         0    0.1706  0.006671    0.2425        51       224    0.8963    0.7705    0.8394    0.4393   0.04106  0.008894         0
   265/599    0.663G   0.04827   0.01615         0    0.1694  0.006486    0.2403        55       224     0.894    0.7876    0.8517    0.4405   0.04061  0.008892         0
   266/599    0.663G   0.04876   0.01657         0    0.1713  0.006396    0.2431        60       224    0.8942    0.7728    0.8367    0.4154   0.04091  0.008972         0
   267/599    0.663G   0.04881   0.01625         0    0.1722  0.006226    0.2435        53       224    0.8822    0.7789    0.8401    0.4373   0.04067  0.008951         0
   268/599    0.663G   0.04816   0.01583         0    0.1699  0.006329    0.2402        49       224     0.868    0.7834    0.8459     0.446   0.04068  0.008917         0
   269/599    0.663G   0.04853   0.01639         0    0.1722  0.006402    0.2435        62       224    0.8433    0.7997    0.8431    0.4342   0.04081  0.008864         0
   270/599    0.663G    0.0489   0.01582         0    0.1716  0.006424    0.2427        48       224     0.864    0.7959    0.8516    0.4423   0.04061  0.008861         0
   271/599    0.663G   0.04864   0.01634         0    0.1705  0.006308    0.2418        79       224    0.9197    0.7536    0.8544    0.4479   0.04059   0.00885         0
   272/599    0.663G   0.04867   0.01599         0      0.17  0.006343     0.241        58       224    0.9068    0.7665    0.8439    0.4501   0.04049  0.008794         0
   273/599    0.663G   0.04971   0.01662         0    0.1723  0.006092    0.2447        67       224    0.9113    0.7452     0.841    0.4309   0.04097  0.008868         0
   274/599    0.663G   0.04923   0.01612         0    0.1725  0.006358    0.2442        69       224    0.8816    0.7749    0.8408    0.4232    0.0413  0.008866         0
   275/599    0.663G   0.04922   0.01604         0    0.1708  0.006211    0.2423        60       224    0.9063    0.7601    0.8465    0.4426   0.04054  0.008796         0
   276/599    0.663G   0.04874   0.01642         0    0.1719   0.00634    0.2434        61       224     0.873    0.7771     0.843    0.4302   0.04055  0.009001         0
   277/599    0.663G   0.04826   0.01605         0    0.1689  0.006375    0.2395        50       224    0.8922    0.7557    0.8484    0.4357   0.04064  0.008919         0
   278/599    0.663G   0.04856   0.01605         0    0.1705  0.006254    0.2414        56       224     0.896    0.7681    0.8469    0.4547   0.04103  0.008899         0
   279/599    0.663G   0.04944   0.01624         0    0.1735  0.006336    0.2455        67       224    0.8651    0.7919    0.8469    0.4483   0.04058  0.008903         0
   280/599    0.663G   0.04919    0.0162         0    0.1717  0.006341    0.2434        60       224    0.8852    0.7792    0.8516    0.4511   0.04088  0.008836         0
   281/599    0.663G   0.04846   0.01562         0    0.1696  0.006146    0.2398        44       224    0.8806     0.783    0.8448    0.4436   0.04087  0.008801         0
   282/599    0.663G   0.04856   0.01604         0    0.1711  0.006347     0.242        46       224    0.9072    0.7686    0.8421    0.4438   0.04088  0.008814         0
   283/599    0.663G   0.04937    0.0163         0    0.1732   0.00616     0.245        64       224     0.853    0.7919    0.8402    0.4313   0.04064  0.008838         0
   284/599    0.663G   0.04913    0.0164         0    0.1712  0.006174    0.2429        58       224    0.8644    0.7852    0.8388    0.4288   0.04104  0.008891         0
   285/599    0.663G   0.04869   0.01562         0    0.1689  0.006345    0.2396        49       224    0.8748    0.7749    0.8445    0.4314   0.04129  0.008898         0
   286/599    0.663G   0.04931   0.01623         0    0.1757  0.006458    0.2477        55       224    0.8803     0.781    0.8413     0.434   0.04093  0.008837         0
   287/599    0.663G   0.04853   0.01613         0    0.1693  0.006366    0.2403        52       224    0.8728    0.7898    0.8379    0.4477   0.04073  0.008793         0
   288/599    0.663G    0.0484   0.01619         0    0.1702  0.006265    0.2411        65       224    0.8786    0.7856     0.838    0.4282   0.04075  0.008863         0
   289/599    0.663G   0.04884   0.01597         0    0.1698  0.006159    0.2408        57       224    0.8689    0.7919     0.844    0.4391   0.04032  0.008887         0
   290/599    0.663G   0.04945   0.01625         0      0.17  0.006245    0.2419        64       224    0.8458    0.8152    0.8473    0.4456    0.0404  0.008776         0
   291/599    0.663G   0.04867   0.01598         0    0.1702  0.006356    0.2412        64       224    0.8467     0.811     0.845    0.4543   0.04054  0.008812         0
   292/599    0.663G   0.04871   0.01563         0    0.1699  0.006386    0.2406        58       224    0.8536    0.8173    0.8518    0.4528   0.04076  0.008857         0
   293/599    0.663G   0.04846   0.01565         0    0.1695  0.006459    0.2401        59       224    0.9121    0.7834    0.8514    0.4532   0.04052  0.008852         0
   294/599    0.663G   0.04896   0.01594         0    0.1724  0.006153    0.2434        55       224    0.8767    0.8152     0.859    0.4508   0.04037  0.008817         0
   295/599    0.663G   0.04829   0.01598         0    0.1692  0.006377    0.2398        49       224    0.9025    0.7728    0.8457    0.4359   0.04082  0.008893         0
   296/599    0.663G   0.04883   0.01631         0     0.172  0.006362    0.2435        51       224    0.9045    0.7686    0.8455    0.4161   0.04142  0.008955         0
   297/599    0.663G   0.04816   0.01606         0    0.1702   0.00619    0.2406        73       224    0.9014    0.7771    0.8508    0.4341    0.0409  0.008898         0
   298/599    0.663G   0.04871   0.01624         0    0.1706   0.00669    0.2422        62       224    0.8695    0.8238    0.8597    0.4639   0.04047  0.008719         0
   299/599    0.663G   0.04903   0.01595         0    0.1727  0.006281     0.244        59       224    0.9057    0.7962    0.8615    0.4564   0.04045    0.0087         0
   300/599    0.663G   0.04825    0.0158         0    0.1691  0.006347    0.2395        54       224    0.9006    0.7919    0.8539    0.4425   0.04047  0.008802         0
   301/599    0.663G   0.04909   0.01615         0    0.1716  0.006365    0.2432        51       224    0.9221    0.7787    0.8565    0.4488   0.04067  0.008789         0
   302/599    0.663G   0.04771    0.0158         0    0.1706  0.006284    0.2404        57       224    0.8871    0.8025    0.8497    0.4432   0.04046  0.008772         0
   303/599    0.663G   0.04841   0.01607         0    0.1701  0.006293    0.2409        43       224    0.8962    0.7898     0.853    0.4465   0.04061   0.00877         0
   304/599    0.663G   0.04848   0.01574         0    0.1707  0.006406    0.2414        41       224    0.8909    0.7813    0.8473    0.4548   0.04047  0.008739         0
   305/599    0.663G    0.0486   0.01607         0    0.1715  0.006271    0.2425        54       224    0.9264    0.7748    0.8581    0.4594   0.04034  0.008726         0
   306/599    0.663G   0.04811   0.01602         0    0.1691  0.006182    0.2394        47       224    0.8844    0.7961    0.8543    0.4425   0.04087  0.008778         0
   307/599    0.663G   0.04736   0.01574         0    0.1681  0.006404    0.2376        48       224      0.88    0.7938    0.8505     0.426   0.04106  0.008874         0
   308/599    0.663G   0.04842   0.01589         0    0.1697   0.00633    0.2403        56       224    0.8878    0.7898    0.8476    0.4339   0.04064  0.008811         0
   309/599    0.663G   0.04799   0.01582         0    0.1703  0.006069    0.2402        54       224    0.8862    0.7962    0.8502    0.4369   0.04048  0.008825         0
   310/599    0.663G   0.04904   0.01607         0    0.1713  0.006251    0.2426        48       224    0.9137    0.7877    0.8553    0.4471   0.04043  0.008833         0
   311/599    0.663G   0.04794   0.01611         0    0.1698  0.006342    0.2402        50       224    0.9008    0.7919    0.8548    0.4553   0.04014  0.008821         0
   312/599    0.663G   0.04866   0.01566         0    0.1716  0.006285    0.2422        48       224    0.8897    0.7898    0.8517    0.4387   0.04026  0.008756         0
   313/599    0.663G   0.04844   0.01585         0    0.1694  0.006272    0.2399        60       224     0.867    0.7941    0.8422     0.446   0.04032   0.00876         0
   314/599    0.663G   0.04808   0.01566         0    0.1681  0.006263    0.2381        53       224    0.8732    0.7896    0.8455    0.4424   0.04038  0.008765         0
   315/599    0.663G   0.04833   0.01569         0    0.1706  0.006201    0.2408        55       224    0.9043    0.7621    0.8469      0.45   0.04027  0.008723         0
   316/599    0.663G   0.04829   0.01596         0    0.1692  0.006255    0.2397        57       224    0.8809    0.7854     0.854    0.4528   0.04009  0.008761         0
   317/599    0.663G   0.04869   0.01569         0    0.1691  0.006245    0.2397        62       224    0.8988    0.7749    0.8526    0.4596   0.04003  0.008718         0
   318/599    0.663G   0.04793    0.0156         0    0.1683  0.006184     0.238        59       224    0.8888    0.7813    0.8521    0.4646   0.03985  0.008699         0
   319/599    0.663G    0.0481   0.01617         0    0.1686  0.006293    0.2391        57       224       0.9    0.7665    0.8537     0.457   0.03978  0.008763         0
   320/599    0.663G   0.04894   0.01617         0    0.1711  0.006232    0.2425        55       224    0.8807    0.7833    0.8526    0.4605    0.0398  0.008768         0
   321/599    0.663G    0.0481   0.01632         0    0.1698  0.006333    0.2405        69       224     0.889    0.7856     0.851    0.4579   0.03988  0.008767         0
   322/599    0.663G   0.04823    0.0158         0      0.17  0.006113    0.2401        52       224    0.9093    0.7686    0.8556    0.4613   0.03975  0.008733         0
   323/599    0.663G   0.04805   0.01579         0    0.1667   0.00626    0.2368        60       224    0.9114    0.7686    0.8525    0.4579   0.03971  0.008697         0
   324/599    0.663G   0.04772   0.01601         0     0.169  0.006089    0.2388        51       224    0.9031    0.7917    0.8536    0.4546   0.03961  0.008719         0
   325/599    0.663G   0.04791   0.01593         0    0.1692  0.006184    0.2393        67       224    0.8874    0.7983    0.8546    0.4568   0.03944   0.00872         0
   326/599    0.663G   0.04813   0.01581         0    0.1672  0.005991    0.2371        56       224    0.8933    0.7834    0.8532    0.4511   0.03966  0.008745         0
   327/599    0.663G   0.04819   0.01623         0    0.1692  0.006151    0.2397        54       224    0.8918    0.7877    0.8522    0.4556   0.03975   0.00871         0
   328/599    0.663G   0.04845   0.01635         0    0.1693  0.006155    0.2403        63       224    0.8859    0.7941    0.8529    0.4566    0.0398  0.008677         0
   329/599    0.663G   0.04784    0.0156         0    0.1696  0.006312    0.2394        55       224     0.867    0.8174    0.8583    0.4624    0.0398  0.008621         0
   330/599    0.663G   0.04828   0.01577         0    0.1692  0.006165    0.2394        62       224    0.8603    0.8236    0.8549    0.4646   0.03997  0.008616         0
