     0/299    0.484G    0.1233    0.1291         0    0.2816   0.01544    0.5493        50       224 0.0003285   0.05096 3.561e-05 1.016e-05    0.1469     14.29         0
     1/299    0.642G   0.09788    0.0193         0    0.2593   0.01384    0.3903        59       224  3.88e-05  0.008493 5.288e-07 1.145e-07    0.1497   0.02922         0
     2/299    0.642G   0.08706   0.02206         0    0.2412   0.01273     0.363        65       224  0.004106    0.2569  0.002457 0.0003385   0.09952   0.01203         0
     3/299    0.642G   0.08141   0.02254         0    0.2346   0.01135    0.3499        53       224   0.02644    0.1486   0.01514  0.002442   0.07793    0.0143         0
     4/299    0.642G   0.07817   0.02249         0    0.2332   0.01072    0.3445        64       224   0.03213    0.2187   0.01769  0.003071   0.07387   0.01471         0
     5/299    0.642G   0.07546   0.02343         0    0.2319   0.01029    0.3411        53       224    0.0668    0.1826   0.03378  0.006568   0.06969   0.01521         0
     6/299    0.642G   0.07313    0.0231         0    0.2287  0.009826    0.3348        51       224    0.1229    0.1911   0.06013   0.01078   0.06804   0.01535         0
     7/299    0.642G   0.07272   0.02316         0    0.2305  0.009597     0.336        70       224    0.1536    0.2569   0.08079   0.01706   0.06496   0.01549         0
     8/299    0.642G   0.07074   0.02286         0    0.2284  0.009667    0.3317        49       224    0.1979    0.2463    0.1082   0.02619   0.06527   0.01517         0
     9/299    0.642G   0.07064     0.023         0    0.2294  0.009388    0.3324        54       224    0.2874    0.2718     0.155   0.03432    0.0639   0.01486         0
    10/299    0.642G   0.06877    0.0234         0    0.2275  0.009086    0.3288        53       224    0.2767    0.2781    0.1652   0.04364   0.06472    0.0154         0
    11/299    0.642G   0.06906   0.02326         0    0.2288   0.00899    0.3301        46       224     0.324    0.2951    0.1781   0.05234    0.0635   0.01536         0
    12/299    0.642G   0.06754   0.02259         0    0.2264  0.008994    0.3255        68       224    0.3638    0.3185    0.2405   0.06788   0.06127   0.01521         0
    13/299    0.642G   0.06715    0.0225         0    0.2251  0.008913    0.3237        51       224    0.2743    0.4373    0.1854   0.04126   0.06044   0.01584         0
    14/299    0.642G   0.06635   0.02236         0    0.2243  0.009036    0.3221        57       224    0.3261    0.3546    0.2235   0.05622   0.05994   0.01497         0
    15/299    0.642G   0.06597    0.0222         0    0.2241  0.009014    0.3213        45       224    0.3712    0.3737     0.271   0.07215   0.05881   0.01568         0
    16/299    0.642G   0.06512    0.0223         0    0.2229  0.008885    0.3192        58       224    0.4714    0.4392     0.338   0.08943   0.06417   0.01424         0
    17/299    0.642G   0.06429   0.02148         0     0.218  0.008774    0.3126        54       224    0.4141     0.482    0.2893   0.06347   0.06554   0.01295         0
    18/299    0.642G   0.06423   0.02146         0     0.218  0.008574    0.3122        57       224    0.3055    0.3397     0.224   0.06254   0.06076   0.01641         0
    19/299    0.642G   0.06318   0.02175         0    0.2157  0.008679    0.3093        71       224    0.4159    0.4777    0.3448   0.08162   0.05973   0.01417         0
    20/299    0.642G   0.06342   0.02106         0    0.2167  0.009007    0.3102        53       224      0.41    0.3843    0.3365   0.09441   0.06087    0.0135         0
    21/299    0.642G   0.06295   0.02095         0    0.2142  0.008584    0.3067        47       224    0.3625    0.3376    0.2217   0.04467    0.0688   0.03234         0
    22/299    0.642G   0.06223    0.0211         0     0.213  0.008597    0.3049        72       224    0.5304    0.4989    0.4583     0.143   0.05794   0.01264         0
    23/299    0.642G   0.06083   0.02048         0      0.21  0.008485    0.2998        65       224    0.2582    0.2442    0.1327    0.0297   0.07753   0.01325         0
    24/299    0.642G   0.06169    0.0207         0     0.212  0.008637    0.3031        65       224    0.3618    0.4225    0.2652   0.07746   0.06199   0.01611         0
    25/299    0.642G   0.06144   0.02059         0     0.212  0.008258    0.3023        67       224    0.4391    0.3503    0.2756   0.07916   0.06004   0.01629         0
    26/299    0.642G   0.06051   0.01982         0    0.2091   0.00845    0.2979        58       224     0.419    0.3779    0.2804   0.06449   0.06662   0.01262         0
    27/299    0.642G   0.06015   0.01925         0    0.2073  0.008215    0.2949        47       224    0.2322    0.4459    0.1669   0.03619   0.06955   0.01246         0
    28/299    0.642G   0.06078   0.02033         0    0.2094  0.008196    0.2987        50       224    0.4539    0.4395    0.3277   0.07232   0.06287   0.01575         0
    29/299    0.642G    0.0602   0.01955         0    0.2082  0.008116    0.2961        50       224     0.511    0.4836    0.3944    0.1068   0.05942   0.01206         0
    30/299    0.642G   0.05952   0.01952         0    0.2032  0.008267    0.2905        50       224    0.5277    0.5244    0.4216    0.1232   0.05811   0.01415         0
    31/299    0.642G   0.05961   0.01928         0    0.2079  0.008147     0.295        49       224    0.2859    0.4204    0.2232   0.05097   0.07326   0.01241         0
    32/299    0.642G   0.05983   0.01964         0    0.2071  0.007977    0.2945        52       224    0.2973    0.3864    0.2076   0.04737   0.06796   0.01578         0
    33/299    0.642G   0.05981   0.01952         0    0.2063  0.008219    0.2938        71       224    0.3522    0.3355    0.2026   0.04298   0.07928   0.01426         0
    34/299    0.642G   0.05915   0.01912         0    0.2051  0.008215    0.2916        43       224    0.2333    0.4713    0.1702   0.03266   0.07029   0.01626         0
    35/299    0.642G   0.05869   0.01899         0    0.2026  0.008074    0.2883        62       224    0.3174    0.3732     0.216   0.04646   0.06757   0.01356         0
    36/299    0.642G    0.0591   0.01888         0     0.204  0.008053    0.2901        57       224    0.4507    0.3694    0.2893   0.07531   0.07026    0.0131         0
    37/299    0.642G   0.05922   0.01926         0    0.2049  0.007953    0.2913        61       224    0.4329    0.4119    0.3182   0.08305   0.06571   0.01566         0
    38/299    0.642G   0.05878   0.01891         0    0.2026  0.008101    0.2884        59       224    0.4408    0.4904    0.3182   0.07465   0.06494   0.01392         0
    39/299    0.642G    0.0587    0.0193         0    0.2024  0.007963    0.2883        57       224    0.2518    0.4628    0.1894   0.04001   0.06448    0.0135         0
    40/299    0.642G   0.05819   0.01886         0    0.2008  0.007949    0.2858        66       224    0.4528     0.482    0.3549    0.1045   0.05926   0.01343         0
    41/299    0.642G   0.05815   0.01903         0    0.2001  0.007973    0.2852        46       224    0.5807    0.5775     0.489    0.1562   0.05562   0.01282         0
    42/299    0.642G   0.05861   0.01877         0    0.2011   0.00793    0.2864        64       224     0.289    0.2866    0.1854   0.04581   0.07428   0.01363         0
    43/299    0.642G   0.05827   0.01905         0    0.2003  0.007912    0.2856        57       224    0.4153    0.4395    0.3243   0.09086    0.0692   0.01401         0
    44/299    0.642G   0.05808     0.019         0    0.2024   0.00794    0.2874        47       224    0.4896    0.5032     0.405    0.1097   0.05978   0.01254         0
    45/299    0.642G   0.05741   0.01891         0    0.1995   0.00782    0.2836        55       224    0.6251    0.6019    0.5444    0.1821   0.05272   0.01398         0
    46/299    0.642G   0.05691   0.01843         0    0.1977  0.007774    0.2808        44       224    0.4759    0.5223    0.3952   0.09442   0.06106   0.01143         0
    47/299    0.642G   0.05736   0.01902         0    0.1993  0.007875    0.2836        69       224    0.5572    0.5563     0.477    0.1161   0.06397   0.01134         0
    48/299    0.642G   0.05687   0.01847         0    0.1972  0.007809    0.2804        66       224    0.4034    0.3291    0.2522   0.05633   0.06851   0.01266         0
    49/299    0.642G   0.05617   0.01853         0    0.1972  0.007588    0.2795        73       224    0.5625    0.5053    0.4879    0.1414   0.05639   0.01366         0
    50/299    0.642G   0.05685   0.01831         0    0.1979  0.007823    0.2809        48       224    0.5882    0.5155    0.4454    0.1112   0.05961   0.01155         0
    51/299    0.642G   0.05619   0.01807         0    0.1949   0.00752    0.2767        55       224    0.7586    0.6369    0.6406    0.2076   0.05386   0.01065         0
    52/299    0.642G   0.05614    0.0183         0    0.1969  0.007691    0.2791        55       224    0.5113    0.6072    0.4487    0.1296   0.06073   0.01129         0
    53/299    0.642G   0.05583   0.01838         0    0.1957  0.007603    0.2775        56       224    0.5916    0.5732     0.532    0.1586   0.05462   0.01163         0
    54/299    0.642G   0.05611   0.01836         0    0.1942  0.007527    0.2762        57       224    0.6568    0.5775    0.5371     0.153   0.05556    0.0112         0
    55/299    0.642G   0.05564   0.01788         0    0.1937  0.007374    0.2746        46       224    0.7425    0.5998    0.6343    0.2141   0.05335   0.01073         0
    56/299    0.642G   0.05568   0.01844         0    0.1944  0.007375    0.2759        74       224    0.6544    0.6709    0.6025     0.198   0.05411   0.01087         0
    57/299    0.642G   0.05601   0.01795         0    0.1951  0.007554    0.2766        56       224    0.5372     0.448    0.4231    0.1226   0.05805   0.01206         0
    58/299    0.642G   0.05613   0.01749         0    0.1942  0.007656    0.2755        42       224    0.6353    0.5775    0.5136    0.1307   0.05681   0.01084         0
    59/299    0.642G   0.05527    0.0179         0    0.1956  0.007432    0.2762        62       224    0.5111    0.5711    0.4709    0.1603   0.05654   0.01468         0
    60/299    0.642G   0.05491   0.01807         0    0.1949  0.007781    0.2757        63       224    0.6239    0.6409    0.5665    0.2125   0.05114   0.01161         0
    61/299    0.642G   0.05559   0.01853         0    0.1955  0.007444     0.277        53       224    0.4905    0.6157    0.4491    0.1399   0.05455   0.01285         0
    62/299    0.642G   0.05533     0.018         0    0.1934  0.007548    0.2743        55       224    0.6964    0.5966    0.5793    0.1754   0.05565   0.01109         0
    63/299    0.642G   0.05479    0.0182         0     0.193  0.007415    0.2734        69       224    0.6613    0.5348    0.5541    0.2017   0.05326   0.01515         0
    64/299    0.642G   0.05555    0.0184         0    0.1961  0.007296    0.2773        57       224    0.7208     0.724    0.6874    0.2442   0.05046   0.01043         0
    65/299    0.642G   0.05511   0.01794         0    0.1942  0.007299    0.2746        56       224    0.7411    0.6261    0.6446    0.2241   0.05248   0.01109         0
    66/299    0.642G   0.05525   0.01768         0    0.1941  0.007301    0.2744        57       224    0.6121    0.6306    0.5306    0.1668   0.05495   0.01371         0
    67/299    0.642G   0.05509    0.0179         0    0.1933  0.007584    0.2739        48       224    0.4596    0.6306    0.3854   0.09443   0.05992   0.01209         0
    68/299    0.642G   0.05426   0.01804         0    0.1924  0.007433    0.2721        59       224    0.6444    0.6772    0.6369    0.2293   0.05145   0.01149         0
    69/299    0.642G   0.05447   0.01804         0    0.1923   0.00744    0.2723        59       224    0.5747    0.5605    0.5238    0.1819   0.05483   0.01157         0
    70/299    0.642G   0.05383   0.01782         0    0.1911  0.007142    0.2699        58       224    0.7293    0.5456    0.5902    0.1953   0.05375   0.01195         0
    71/299    0.642G    0.0545   0.01766         0    0.1916  0.007606    0.2714        57       224    0.6031    0.6452    0.5496    0.1757   0.05415   0.01082         0
    72/299    0.642G   0.05445   0.01775         0    0.1929  0.007269    0.2724        55       224    0.7419    0.5987    0.6158     0.195   0.05367   0.01099         0
    73/299    0.642G   0.05447   0.01839         0    0.1914  0.007217    0.2714        67       224      0.75    0.5858    0.6285    0.2364    0.0531   0.01078         0
    74/299    0.642G   0.05403   0.01787         0    0.1914  0.007202    0.2705        63       224    0.7047    0.6667    0.6243    0.2455   0.05046   0.01093         0
    75/299    0.642G   0.05486   0.01803         0    0.1907  0.007209    0.2708        52       224    0.6437     0.603    0.5728    0.1905   0.05441   0.01088         0
    76/299    0.642G   0.05355   0.01777         0    0.1905  0.007291    0.2691        61       224      0.73    0.6488    0.6011    0.1896   0.05315   0.01125         0
    77/299    0.642G    0.0533   0.01757         0     0.189  0.007212    0.2671        66       224     0.548    0.6476    0.4891    0.1338   0.05701    0.0114         0
    78/299    0.642G   0.05395   0.01793         0    0.1901  0.007455    0.2694        71       224    0.7911    0.6858    0.7271    0.2872   0.04876   0.01102         0
    79/299    0.642G   0.05404     0.018         0    0.1911  0.007354    0.2704        56       224     0.713    0.6115    0.6384     0.245   0.05205   0.01089         0
    80/299    0.642G    0.0537   0.01743         0    0.1902  0.007389    0.2688        70       224    0.6494    0.6454    0.5976    0.2029   0.05345   0.01115         0
    81/299    0.642G   0.05412   0.01777         0    0.1914  0.007208    0.2705        50       224    0.7886    0.6518    0.7132    0.2671   0.05018   0.01056         0
    82/299    0.642G   0.05387   0.01768         0    0.1879   0.00709    0.2665        57       224    0.7756    0.7045    0.7111     0.257   0.05039   0.01045         0
    83/299    0.642G   0.05389   0.01734         0    0.1901   0.00729    0.2686        52       224     0.758    0.6915    0.6788    0.2564   0.05109    0.0106         0
    84/299    0.642G    0.0531   0.01726         0    0.1884  0.007197    0.2659        47       224    0.7286     0.707    0.6947    0.2715   0.04978    0.0105         0
    85/299    0.642G   0.05381   0.01746         0    0.1898  0.007204    0.2683        50       224    0.6585    0.6773     0.638    0.2366   0.05029    0.0112         0
    86/299    0.642G   0.05319   0.01778         0    0.1888  0.007039    0.2668        72       224    0.6116    0.6453    0.5552    0.2083   0.05479   0.01118         0
    87/299    0.642G   0.05341   0.01752         0    0.1893  0.007214    0.2675        47       224    0.8114    0.6497    0.7227    0.2858   0.04782   0.01076         0
    88/299    0.642G   0.05368   0.01742         0     0.189   0.00715    0.2672        50       224    0.7198     0.709     0.658    0.2306    0.0491   0.01024         0
    89/299    0.642G   0.05383   0.01749         0    0.1893   0.00708    0.2677        51       224    0.6973    0.6645    0.6659     0.236   0.04901   0.01127         0
    90/299    0.642G   0.05301   0.01718         0    0.1873  0.006867    0.2644        41       224    0.7827    0.6957    0.6925    0.2545   0.04917   0.01101         0
    91/299    0.642G   0.05271   0.01738         0    0.1886  0.007089    0.2658        60       224    0.7479    0.6242    0.6714    0.2491   0.05331    0.0107         0
    92/299    0.642G   0.05291   0.01733         0    0.1873  0.007077    0.2646        54       224    0.7475    0.6624    0.6866    0.2781   0.04976   0.01044         0
    93/299    0.642G   0.05328   0.01736         0    0.1884  0.007078    0.2661        61       224    0.7405    0.6794    0.6952    0.2783   0.04882   0.01169         0
    94/299    0.642G   0.05346   0.01749         0     0.189  0.007163    0.2671        61       224    0.7648    0.6214    0.6896    0.2483   0.05157   0.01032         0
    95/299    0.642G    0.0527   0.01738         0    0.1884  0.007157    0.2656        52       224    0.7254    0.6955    0.6962    0.2912   0.04832   0.01128         0
    96/299    0.642G   0.05275    0.0174         0     0.186  0.006953    0.2631        49       224    0.7511    0.6539    0.6633    0.2458   0.04975   0.01058         0
    97/299    0.642G   0.05272   0.01732         0    0.1885   0.00688    0.2654        57       224    0.7127    0.6539    0.6191     0.228   0.05032   0.01083         0
    98/299    0.642G   0.05349   0.01779         0    0.1891  0.006812    0.2672        62       224    0.6528    0.6985    0.6322    0.2286   0.04877   0.01062         0
    99/299    0.642G   0.05279   0.01718         0    0.1857  0.007067    0.2628        56       224    0.8091    0.6391    0.7091     0.276      0.05   0.01063         0
   100/299    0.642G   0.05355   0.01782         0    0.1871  0.006802    0.2652        71       224    0.7648    0.7042    0.7278    0.2715   0.04851   0.01018         0
   101/299    0.642G   0.05172   0.01727         0    0.1837  0.007102    0.2598        49       224    0.7726    0.7155    0.7035    0.2642    0.0473   0.01035         0
   102/299    0.642G    0.0527   0.01737         0    0.1862   0.00704    0.2633        51       224    0.7729    0.6433    0.6975     0.282   0.04929   0.01081         0
   103/299    0.642G   0.05288    0.0175         0    0.1859   0.00699    0.2633        48       224    0.7298    0.6433    0.6467    0.2383   0.05356   0.01087         0
   104/299    0.642G   0.05267   0.01706         0    0.1841  0.007065    0.2609        52       224    0.8431    0.6961    0.7515    0.3152   0.04838   0.01025         0
   105/299    0.642G   0.05259   0.01717         0    0.1854  0.006995    0.2621        56       224    0.8253     0.673    0.7256    0.2376   0.04853   0.01052         0
   106/299    0.642G   0.05298   0.01724         0    0.1849  0.006899     0.262        48       224    0.7253    0.7065    0.6673    0.2434   0.04999   0.01109         0
   107/299    0.642G   0.05312   0.01728         0    0.1859  0.006786    0.2631        60       224    0.8708    0.6871    0.7654    0.3362   0.04979   0.01017         0
   108/299    0.642G   0.05279   0.01764         0     0.186  0.007051    0.2635        73       224    0.7809    0.6603    0.6911    0.2787   0.05344   0.01007         0
   109/299    0.642G   0.05238   0.01733         0    0.1851  0.006961    0.2618        45       224    0.7997    0.6964    0.7208    0.3189   0.04886   0.01012         0
   110/299    0.642G   0.05226    0.0174         0    0.1862  0.006723    0.2626        64       224    0.7271    0.7069     0.679    0.2683   0.04848    0.0105         0
   111/299    0.642G   0.05239   0.01735         0    0.1857  0.007187    0.2626        43       224    0.6935    0.6918    0.6531    0.2304   0.04944   0.01186         0
   112/299    0.642G   0.05223   0.01708         0     0.184  0.006896    0.2602        42       224    0.7092    0.6837    0.6466    0.2375   0.04943   0.01098         0
   113/299    0.642G   0.05203   0.01737         0    0.1837  0.006799    0.2599        64       224    0.7438    0.7026    0.7185    0.2951   0.04715   0.01032         0
   114/299    0.642G   0.05236   0.01712         0    0.1843  0.006959    0.2607        55       224    0.8413    0.6985    0.7677     0.303   0.04631   0.01003         0
   115/299    0.642G   0.05197   0.01731         0    0.1828  0.006823    0.2589        52       224    0.7659    0.7091    0.7256    0.2841   0.04789    0.0104         0
   116/299    0.642G   0.05222   0.01659         0    0.1843  0.007052    0.2602        51       224    0.8612    0.6985    0.7563    0.3122   0.04654   0.01028         0
   117/299    0.642G   0.05266   0.01726         0    0.1842  0.006973    0.2611        52       224    0.7861    0.6879    0.7415    0.3132   0.04687   0.01033         0
   118/299    0.642G   0.05205   0.01695         0    0.1833  0.006884    0.2591        53       224     0.779    0.7409    0.7252    0.2833   0.04813   0.01034         0
   119/299    0.642G   0.05223   0.01718         0    0.1816  0.006578    0.2576        56       224     0.784    0.6561    0.7267    0.2865    0.0497   0.01128         0
   120/299    0.642G   0.05148   0.01699         0     0.181   0.00687    0.2563        53       224    0.8508    0.7282    0.7818    0.3046   0.04748   0.01005         0
   121/299    0.642G    0.0521   0.01705         0    0.1824  0.006862    0.2584        58       224    0.8454    0.6964    0.7448    0.3132   0.04676    0.0101         0
   122/299    0.642G   0.05168    0.0173         0    0.1819  0.006847    0.2578        65       224    0.7979    0.6794    0.7299    0.2827   0.04887   0.01057         0
   123/299    0.642G    0.0513   0.01679         0    0.1785  0.007124    0.2537        53       224    0.7359    0.7346    0.7221    0.2668   0.04784   0.01011         0
   124/299    0.642G   0.05063   0.01707         0    0.1808  0.007047    0.2556        50       224     0.793    0.6921    0.7422    0.3113   0.04824  0.009908         0
   125/299    0.642G   0.05209   0.01737         0    0.1822  0.006744    0.2584        70       224    0.7711    0.7304    0.7502    0.2919   0.04753   0.01064         0
   126/299    0.642G   0.05162   0.01662         0    0.1807  0.006795    0.2558        50       224     0.752    0.7473    0.7457    0.3285   0.04738   0.01003         0
   127/299    0.642G   0.05165    0.0168         0    0.1825  0.006904    0.2579        53       224    0.7301    0.6837    0.6568    0.2262   0.04889    0.0103         0
   128/299    0.642G   0.05209   0.01676         0    0.1822  0.006747    0.2578        50       224    0.7931    0.6582    0.7351    0.2991   0.04756   0.01085         0
   129/299    0.642G   0.05112   0.01701         0    0.1807  0.006807    0.2556        57       224    0.7908    0.6983    0.7332    0.2978   0.04666   0.01029         0
   130/299    0.642G   0.05186    0.0174         0    0.1819   0.00684     0.258        49       224    0.8357    0.7134    0.7702    0.3255   0.04642  0.009991         0
   131/299    0.642G   0.05123   0.01733         0    0.1794    0.0068    0.2548        53       224    0.8602    0.6667    0.7518    0.2991   0.04815  0.009861         0
   132/299    0.642G   0.05152   0.01706         0    0.1808  0.006778    0.2561        51       224    0.7939    0.6837    0.7358    0.3066   0.04747   0.01061         0
   133/299    0.642G   0.05113   0.01704         0    0.1796  0.006762    0.2546        55       224    0.8222    0.7113    0.7478    0.3251   0.04613  0.009799         0
   134/299    0.642G   0.05075   0.01733         0    0.1808  0.006633    0.2555        57       224    0.8171    0.7113    0.7631    0.3456    0.0452  0.009975         0
   135/299    0.642G   0.05154   0.01735         0    0.1803  0.006806     0.256        72       224    0.8375    0.6892    0.7583    0.3252   0.04733   0.01063         0
   136/299    0.642G    0.0513   0.01682         0    0.1798  0.006758    0.2547        61       224    0.8826    0.7049    0.7784    0.3481   0.04533  0.009872         0
   137/299    0.642G   0.05063   0.01667         0    0.1793   0.00688    0.2535        47       224    0.7839    0.7086    0.7411    0.3088   0.04804   0.01006         0
   138/299    0.642G   0.05102   0.01717         0    0.1805   0.00679    0.2555        68       224    0.8418    0.6894    0.7611    0.3233   0.04561   0.01018         0
   139/299    0.642G   0.05135   0.01664         0    0.1807  0.006826    0.2556        52       224    0.8319    0.7144    0.7534    0.3158   0.04631   0.01035         0
   140/299    0.642G   0.05083   0.01682         0    0.1783   0.00653    0.2525        57       224    0.8548    0.7001    0.7776    0.3581   0.04562   0.01005         0
   141/299    0.642G   0.05103   0.01728         0     0.181  0.006936    0.2562        61       224     0.798    0.7389    0.7784    0.3183   0.04614   0.01018         0
   142/299    0.642G   0.05179   0.01704         0    0.1822   0.00671    0.2577        61       224    0.8755    0.7176    0.7878     0.338   0.04633   0.01011         0
   143/299    0.642G     0.051   0.01677         0    0.1794  0.006774    0.2539        53       224    0.8489    0.6921    0.7702    0.3346   0.04624  0.009859         0
   144/299    0.642G   0.05088   0.01684         0    0.1807  0.006896    0.2554        48       224    0.9008    0.7155    0.7979    0.3571   0.04584  0.009893         0
   145/299    0.642G   0.05075   0.01653         0    0.1788  0.006622    0.2527        44       224    0.8528    0.7261     0.777    0.3277    0.0457  0.009958         0
   146/299    0.642G    0.0508   0.01727         0    0.1776  0.006639    0.2523        60       224    0.7848    0.7049    0.7442    0.3157   0.04768  0.009865         0
   147/299    0.642G   0.05137    0.0166         0    0.1793  0.006808    0.2541        42       224    0.8811    0.6773    0.7697    0.3349   0.04622  0.009828         0
   148/299    0.642G   0.05061   0.01649         0    0.1764   0.00688    0.2503        53       224    0.8758    0.7049    0.8015    0.3635   0.04706  0.009692         0
   149/299    0.642G   0.05148   0.01724         0    0.1809  0.006707    0.2563        64       224    0.8835    0.6943    0.7777    0.3155   0.04611   0.01002         0
   150/299    0.642G   0.05129   0.01697         0     0.181  0.006612    0.2559        52       224    0.8166    0.7468     0.737    0.2824   0.04769  0.009882         0
   151/299    0.642G   0.05082    0.0171         0     0.179  0.006727    0.2536        49       224    0.8733    0.7173    0.8032    0.3773   0.04511  0.009693         0
   152/299    0.642G   0.05133   0.01686         0     0.179  0.006762     0.254        56       224    0.8086    0.7452     0.788    0.3684   0.04479  0.009839         0
   153/299    0.642G   0.05146   0.01734         0    0.1809  0.006516    0.2562        63       224    0.8486     0.741     0.774    0.3382   0.04566  0.009758         0
   154/299    0.642G    0.0509   0.01722         0    0.1797  0.006684    0.2545        65       224    0.8712    0.7467    0.8135    0.3832   0.04535  0.009791         0
   155/299    0.642G   0.05176   0.01667         0    0.1808  0.006602    0.2558        51       224    0.7922    0.7366    0.7662    0.3483   0.04446  0.009947         0
   156/299    0.642G   0.05097   0.01698         0    0.1789  0.006609    0.2535        57       224    0.8369    0.7299    0.7849    0.3509   0.04683   0.01083         0
   157/299    0.642G   0.05049   0.01711         0    0.1788  0.006598     0.253        58       224    0.8398    0.7155    0.7838    0.3468   0.04516   0.01011         0
   158/299    0.642G   0.05065   0.01696         0    0.1774  0.006787    0.2518        56       224    0.8901    0.7601    0.8002     0.352   0.04471  0.009776         0
   159/299    0.642G   0.05031   0.01671         0    0.1775  0.006553     0.251        55       224     0.875    0.7132    0.7941    0.3439   0.04455  0.009904         0
   160/299    0.642G   0.05041   0.01679         0    0.1766  0.006399    0.2502        54       224    0.8639    0.7277    0.7849    0.3496   0.04391   0.00967         0
   161/299    0.642G   0.05008   0.01655         0    0.1751   0.00652    0.2482        64       224    0.8761     0.741     0.792    0.3514    0.0445  0.009915         0
   162/299    0.642G   0.05071   0.01668         0    0.1759  0.006538    0.2498        60       224    0.8961    0.7537    0.8053    0.3814   0.04421  0.009945         0
   163/299    0.642G   0.05084   0.01665         0    0.1775  0.006769    0.2517        57       224    0.8656    0.7389    0.8099    0.3718   0.04416  0.009752         0
   164/299    0.642G   0.04971   0.01651         0    0.1765  0.006556    0.2493        52       224    0.8781    0.7344    0.8139    0.3543   0.04407  0.009513         0
   165/299    0.642G   0.04995   0.01621         0    0.1772  0.006661    0.2501        54       224    0.8705    0.7281     0.812    0.3967   0.04398  0.009582         0
   166/299    0.642G   0.05026   0.01664         0    0.1765    0.0065    0.2499        54       224    0.8116    0.7452    0.7993    0.3392   0.04503  0.009775         0
   167/299    0.642G   0.05027   0.01678         0    0.1764  0.006518    0.2499        63       224     0.851    0.7282    0.7927    0.3718   0.04465  0.009736         0
   168/299    0.642G    0.0501   0.01638         0    0.1764  0.006687    0.2495        40       224    0.9001    0.7282    0.8116    0.3778   0.04461  0.009502         0
   169/299    0.642G   0.05075   0.01676         0    0.1776  0.006726    0.2518        69       224    0.8248    0.7699    0.8155    0.3621   0.04449  0.009744         0
   170/299    0.642G   0.05064   0.01682         0    0.1785  0.006665    0.2526        65       224    0.8066    0.7452    0.7946    0.3223   0.04475  0.009804         0
   171/299    0.642G   0.05035   0.01681         0    0.1764   0.00655    0.2502        61       224    0.9141     0.724    0.8226    0.4003    0.0433  0.009711         0
   172/299    0.642G   0.05012    0.0165         0    0.1743  0.006649    0.2475        63       224    0.8769     0.758    0.8209    0.3885   0.04329  0.009604         0
   173/299    0.642G   0.05063   0.01709         0    0.1793  0.006554    0.2536        40       224     0.849    0.7402    0.8025    0.3654   0.04447  0.009602         0
   174/299    0.642G   0.04926   0.01644         0    0.1743  0.006662    0.2467        57       224    0.8815    0.7431    0.8201    0.3576    0.0439  0.009825         0
   175/299    0.642G   0.05052   0.01647         0    0.1774  0.006668     0.251        55       224    0.8499    0.7452    0.8151    0.3758   0.04418  0.009528         0
   176/299    0.642G   0.05009   0.01707         0    0.1766  0.006783    0.2505        53       224    0.9016    0.7006    0.8088    0.3805     0.044  0.009696         0
   177/299    0.642G   0.05032    0.0167         0    0.1768  0.006786    0.2506        65       224    0.8634    0.7515    0.8066    0.3891   0.04454  0.009616         0
   178/299    0.642G   0.05105   0.01696         0    0.1786  0.006491    0.2531        69       224    0.8672    0.7488    0.8277    0.3632   0.04464  0.009982         0
   179/299    0.642G   0.04971   0.01642         0    0.1742  0.006662     0.247        57       224    0.8893    0.7686    0.8279    0.3865   0.04391  0.009567         0
   180/299    0.642G   0.05001   0.01633         0     0.175  0.006616    0.2479        54       224    0.8683    0.7556    0.8131     0.347   0.04357  0.009938         0
   181/299    0.642G   0.04984   0.01654         0    0.1744  0.006648    0.2474        60       224    0.8656     0.741    0.8166    0.3756   0.04416  0.009722         0
   182/299    0.642G   0.04993   0.01662         0    0.1768  0.006504    0.2499        66       224    0.8621    0.7831    0.8317    0.3924     0.043    0.0095         0
   183/299    0.642G   0.05047   0.01692         0    0.1758   0.00674      0.25        73       224    0.8783    0.7516    0.8303    0.3911   0.04309  0.009516         0
   184/299    0.642G   0.05013   0.01688         0    0.1757    0.0067    0.2494        41       224    0.8575    0.7558    0.8069    0.3831   0.04322  0.009478         0
   185/299    0.642G   0.05059   0.01688         0    0.1755  0.006684    0.2497        64       224    0.8447    0.7537    0.8153    0.3702   0.04465   0.00977         0
   186/299    0.642G   0.04956   0.01662         0    0.1733  0.006434    0.2459        53       224    0.8426    0.7728    0.8246    0.3854   0.04318  0.009682         0
   187/299    0.642G   0.04973   0.01635         0    0.1748  0.006541    0.2475        50       224    0.8894    0.7514    0.8285    0.3965   0.04321  0.009544         0
   188/299    0.642G   0.04995   0.01653         0    0.1759  0.006412    0.2488        54       224    0.8502    0.7728     0.819     0.408   0.04402  0.009472         0
   189/299    0.642G   0.04991   0.01662         0    0.1757  0.006646    0.2488        64       224    0.8851    0.7685    0.8316    0.3695   0.04366  0.009353         0
   190/299    0.642G   0.04923   0.01643         0    0.1745  0.006336    0.2465        49       224    0.8926    0.7622    0.8365    0.3855    0.0424  0.009556         0
   191/299    0.642G    0.0491   0.01643         0    0.1746  0.006504    0.2467        54       224    0.8588    0.7771    0.8393    0.3971   0.04308   0.00951         0
   192/299    0.642G   0.05004   0.01616         0    0.1748  0.006629    0.2476        52       224    0.8905    0.7601    0.8199    0.3994   0.04256  0.009419         0
   193/299    0.642G   0.04948   0.01669         0    0.1739  0.006373    0.2465        56       224     0.887     0.741    0.8273    0.3882   0.04286  0.009354         0
   194/299    0.642G   0.05035    0.0167         0    0.1753  0.006367    0.2487        59       224    0.8648    0.7622    0.8249    0.3961   0.04292  0.009365         0
   195/299    0.642G   0.04966   0.01641         0    0.1753  0.006455    0.2479        48       224    0.8677    0.7665    0.8253    0.3911   0.04296  0.009563         0
   196/299    0.642G   0.05011   0.01619         0    0.1757  0.006531    0.2486        56       224    0.8772    0.7601     0.825    0.3868   0.04428  0.009469         0
   197/299    0.642G   0.04955    0.0166         0    0.1759   0.00646    0.2485        65       224    0.8432    0.7876    0.8305    0.4002   0.04286  0.009385         0
   198/299    0.642G   0.04943   0.01665         0    0.1737  0.006613    0.2464        55       224    0.9343     0.724    0.8374    0.3784   0.04324  0.009552         0
   199/299    0.642G   0.04925   0.01645         0    0.1732   0.00664    0.2456        48       224    0.9017    0.7431    0.8205    0.3701   0.04326  0.009529         0
   200/299    0.642G   0.04998   0.01632         0    0.1745   0.00642    0.2472        57       224    0.8919    0.7536    0.8188    0.3904   0.04383  0.009477         0
   201/299    0.642G   0.04994   0.01692         0    0.1757  0.006601    0.2491        63       224    0.8778    0.7643    0.8231    0.3799   0.04263  0.009607         0
   202/299    0.642G    0.0501   0.01658         0    0.1749  0.006377     0.248        64       224    0.9021     0.743     0.824    0.4014   0.04294  0.009378         0
   203/299    0.642G   0.04977   0.01651         0    0.1753  0.006211    0.2478        57       224     0.861    0.7898    0.8319    0.4094   0.04316  0.009366         0
   204/299    0.642G   0.04918   0.01646         0    0.1739  0.006396    0.2459        48       224    0.8899     0.758    0.8347    0.4119   0.04317  0.009382         0
   205/299    0.642G   0.04937   0.01628         0    0.1712  0.006817    0.2437        47       224    0.8752    0.7749    0.8296    0.4006   0.04277  0.009545         0
   206/299    0.642G    0.0488   0.01652         0    0.1725  0.006432    0.2443        54       224    0.8817    0.7473    0.8271    0.3958   0.04261  0.009462         0
   207/299    0.642G    0.0492   0.01633         0    0.1712  0.006372    0.2431        47       224    0.8568    0.7748    0.8218    0.3983   0.04281  0.009496         0
   208/299    0.642G   0.04943   0.01619         0    0.1731  0.006456    0.2452        51       224     0.921    0.7429    0.8185    0.4084   0.04361  0.009268         0
   209/299    0.642G    0.0492    0.0167         0    0.1756  0.006355    0.2479        56       224    0.8973    0.7622     0.831    0.4053   0.04303  0.009452         0
   210/299    0.642G   0.04905   0.01633         0    0.1712  0.006166    0.2427        54       224    0.8524    0.7727    0.8251    0.3688   0.04297  0.009404         0
   211/299    0.642G   0.04917   0.01649         0    0.1724   0.00653    0.2446        50       224     0.899    0.7601     0.839    0.4025   0.04278  0.009289         0
   212/299    0.642G   0.05011   0.01684         0    0.1728  0.006414    0.2462        50       224    0.8997    0.7622     0.836    0.4024   0.04262  0.009315         0
   213/299    0.642G   0.04945   0.01647         0    0.1743  0.006424    0.2467        59       224    0.8605    0.7855    0.8322     0.402   0.04202  0.009362         0
   214/299    0.642G   0.04914   0.01658         0    0.1725  0.006599    0.2448        69       224    0.8709    0.7665    0.8249    0.3826   0.04281   0.00986         0
   215/299    0.642G   0.05013   0.01679         0    0.1735  0.006498    0.2469        58       224    0.8714    0.7771     0.834    0.3939   0.04308   0.00937         0
   216/299    0.642G   0.04893    0.0167         0    0.1714  0.006335    0.2434        45       224    0.9025    0.7662    0.8284    0.4037   0.04276  0.009469         0
   217/299    0.642G   0.04915   0.01648         0    0.1723  0.006403    0.2443        67       224    0.8848    0.7662    0.8281    0.4046   0.04235  0.009447         0
   218/299    0.642G   0.04836   0.01633         0    0.1708  0.006554     0.242        63       224    0.8725    0.7707      0.84    0.3995   0.04279  0.009309         0
   219/299    0.642G   0.04915    0.0166         0    0.1737  0.006192    0.2456        70       224    0.8976    0.7643    0.8412    0.4198   0.04184  0.009271         0
   220/299    0.642G   0.04936    0.0161         0    0.1728  0.006485    0.2447        46       224    0.8606    0.7601     0.832    0.4021   0.04212  0.009412         0
   221/299    0.642G   0.04882   0.01594         0    0.1695   0.00633    0.2406        56       224    0.9012    0.7552    0.8457    0.4206    0.0422  0.009276         0
   222/299    0.642G   0.04913   0.01633         0    0.1733   0.00649    0.2453        70       224    0.8753    0.7747    0.8314    0.4119   0.04253  0.009298         0
   223/299    0.642G   0.04961   0.01647         0    0.1729  0.006324    0.2453        71       224    0.8952    0.7619    0.8403    0.4223   0.04232  0.009302         0
   224/299    0.642G   0.04951   0.01613         0    0.1738  0.006182    0.2456        64       224    0.9021    0.7452    0.8405     0.413   0.04214  0.009185         0
   225/299    0.642G   0.04897   0.01635         0    0.1726  0.006322    0.2442        60       224    0.9012    0.7556    0.8424    0.4008   0.04236  0.009283         0
   226/299    0.642G   0.04835    0.0163         0    0.1706  0.006538    0.2418        65       224    0.9028    0.7494    0.8366    0.4272   0.04215  0.009327         0
   227/299    0.642G   0.04887   0.01646         0    0.1706  0.006207    0.2421        56       224    0.8871    0.7516     0.825    0.3932   0.04242  0.009324         0
   228/299    0.642G   0.04814   0.01679         0    0.1702  0.006356    0.2415        72       224    0.8925    0.7578    0.8287    0.4084   0.04233  0.009385         0
   229/299    0.642G   0.04886   0.01588         0    0.1731  0.006506    0.2443        37       224    0.8983    0.7686      0.84    0.4156   0.04167  0.009333         0
   230/299    0.642G   0.04959   0.01691         0     0.173  0.006313    0.2458        72       224    0.9289     0.749    0.8444    0.4455   0.04166  0.009147         0
   231/299    0.642G   0.04883    0.0162         0    0.1719  0.006393    0.2433        51       224    0.9122    0.7537    0.8411    0.4238   0.04157  0.009232         0
   232/299    0.642G   0.04859   0.01618         0    0.1713  0.006371    0.2424        63       224    0.9068    0.7516    0.8425    0.4261   0.04134  0.009308         0
   233/299    0.642G   0.04921   0.01638         0    0.1718   0.00626    0.2436        68       224    0.9128    0.7556    0.8474    0.4373   0.04124  0.009277         0
   234/299    0.642G   0.04927   0.01616         0    0.1712  0.006282    0.2429        42       224    0.9253    0.7367    0.8427    0.4271   0.04186  0.009221         0
   235/299    0.642G    0.0488   0.01635         0    0.1691   0.00629    0.2406        53       224    0.9106    0.7389    0.8388    0.4295   0.04185  0.009195         0
   236/299    0.642G   0.04879   0.01602         0    0.1727  0.006322    0.2438        55       224    0.8777    0.7771    0.8431    0.4346   0.04148  0.009169         0
   237/299    0.642G   0.04879   0.01663         0    0.1722  0.006254    0.2439        62       224    0.8921    0.7725    0.8446    0.4168   0.04154  0.009258         0
   238/299    0.642G   0.04879   0.01632         0    0.1718  0.006038    0.2429        51       224    0.8926    0.7767    0.8423    0.4329    0.0415  0.009248         0
   239/299    0.642G   0.04901   0.01614         0    0.1719  0.006326    0.2433        64       224    0.8771    0.7728    0.8368    0.4061   0.04209  0.009178         0
   240/299    0.642G   0.04884   0.01598         0    0.1694  0.006246    0.2404        57       224    0.8934    0.7473    0.8298    0.4055   0.04185   0.00937         0
   241/299    0.642G   0.04938   0.01624         0    0.1711  0.006445    0.2432        52       224    0.8966    0.7558    0.8378    0.4008   0.04127  0.009316         0
   242/299    0.642G   0.04873   0.01635         0    0.1703  0.006431    0.2418        53       224    0.8913    0.7834    0.8502    0.4167   0.04123  0.009431         0
   243/299    0.642G   0.04898   0.01646         0    0.1712  0.006093    0.2428        71       224    0.8832    0.7704    0.8406    0.4214    0.0415  0.009405         0
   244/299    0.642G   0.04907   0.01632         0    0.1687  0.006331    0.2404        63       224    0.8518    0.7962    0.8425     0.414   0.04158  0.009366         0
   245/299    0.642G   0.04882   0.01602         0    0.1716  0.006314    0.2428        44       224    0.8301    0.8004     0.841    0.4171   0.04133  0.009388         0
   246/299    0.642G   0.04884   0.01659         0     0.172  0.006241    0.2437        60       224      0.93     0.741    0.8458     0.437   0.04119  0.009211         0
   247/299    0.642G   0.04885   0.01623         0    0.1718  0.006342    0.2432        59       224    0.8967     0.758    0.8447    0.4328   0.04157  0.009168         0
   248/299    0.642G   0.04874   0.01614         0    0.1686  0.006278    0.2398        53       224    0.9197    0.7536    0.8479    0.4422   0.04138  0.009129         0
   249/299    0.642G   0.04829   0.01634         0    0.1713  0.006367    0.2423        63       224    0.9361    0.7495     0.849    0.4338   0.04125  0.009106         0
   250/299    0.642G   0.04797   0.01634         0    0.1697  0.006101    0.2401        53       224    0.9142    0.7495    0.8421    0.4108   0.04147  0.009258         0
   251/299    0.642G   0.04815   0.01588         0    0.1704  0.006367    0.2408        56       224    0.8756    0.7621    0.8394    0.4099   0.04176  0.009214         0
   252/299    0.642G   0.04826   0.01604         0    0.1696  0.006169    0.2401        49       224    0.8754    0.7622    0.8395    0.4288   0.04101  0.009116         0
   253/299    0.642G   0.04904   0.01656         0    0.1718  0.006421    0.2438        53       224    0.8762    0.7662     0.844     0.432   0.04089  0.009231         0
   254/299    0.642G   0.04912   0.01648         0    0.1725  0.006182    0.2443        65       224    0.8781    0.7813    0.8526    0.4364   0.04104  0.009138         0
   255/299    0.642G   0.04844   0.01633         0    0.1714  0.006293    0.2425        47       224    0.8621    0.7962     0.852    0.4361   0.04129  0.009153         0
   256/299    0.642G   0.04816   0.01635         0    0.1707  0.006313    0.2415        55       224    0.8894    0.7728    0.8432    0.4313   0.04114  0.009206         0
   257/299    0.642G   0.04872   0.01627         0    0.1712  0.006181    0.2424        54       224    0.8985    0.7703    0.8466     0.435    0.0412  0.009133         0
   258/299    0.642G   0.04862   0.01627         0     0.172  0.006308    0.2432        47       224     0.907    0.7664    0.8536    0.4475   0.04143  0.009072         0
   259/299    0.642G    0.0479   0.01574         0    0.1683  0.006231    0.2382        52       224    0.8578    0.8067    0.8499    0.4287   0.04114  0.009164         0
   260/299    0.642G   0.04846   0.01636         0    0.1694  0.006143    0.2403        56       224    0.9004    0.7707    0.8482    0.4286   0.04087  0.009134         0
   261/299    0.642G   0.04801   0.01629         0     0.169  0.006472    0.2398        67       224    0.8855    0.7898    0.8534    0.4322   0.04082  0.009148         0
   262/299    0.642G   0.04799   0.01659         0    0.1684  0.006239    0.2392        57       224     0.882    0.7962      0.86    0.4395   0.04073  0.009126         0
   263/299    0.642G   0.04815    0.0158         0    0.1683  0.006414    0.2387        57       224    0.8801    0.7789     0.855    0.4364   0.04099  0.009082         0
   264/299    0.642G   0.04807    0.0162         0    0.1689  0.006565    0.2397        51       224    0.8682    0.7856    0.8495    0.4381   0.04082  0.009152         0
   265/299    0.642G    0.0476   0.01615         0    0.1669  0.006366     0.237        55       224     0.874    0.7952    0.8546    0.4334   0.04097  0.009111         0
   266/299    0.642G    0.0481   0.01655         0    0.1693  0.006222    0.2402        60       224    0.8411    0.8238    0.8576     0.423   0.04089  0.009129         0
   267/299    0.642G   0.04803   0.01623         0    0.1698  0.006117    0.2401        53       224    0.8951    0.7789    0.8632    0.4319   0.04097  0.009105         0
   268/299    0.642G   0.04745   0.01576         0    0.1678  0.006165    0.2371        49       224    0.9114    0.7641    0.8576    0.4522   0.04096  0.009063         0
   269/299    0.642G   0.04783   0.01633         0    0.1698  0.006302    0.2403        62       224    0.9148    0.7747    0.8576    0.4568    0.0407  0.009059         0
   270/299    0.642G   0.04817   0.01576         0    0.1692  0.006313    0.2394        48       224    0.8765    0.7983    0.8646    0.4349    0.0408  0.009102         0
   271/299    0.642G   0.04776   0.01624         0    0.1685  0.006145    0.2387        79       224    0.8622    0.8235    0.8648    0.4363   0.04046  0.009077         0
   272/299    0.642G    0.0478   0.01594         0    0.1674  0.006218    0.2374        58       224    0.9169    0.7792    0.8594    0.4424   0.04057  0.009046         0
   273/299    0.642G   0.04901   0.01658         0    0.1697  0.006018    0.2413        67       224    0.9079    0.7749    0.8573    0.4396   0.04064  0.009043         0
   274/299    0.642G   0.04847   0.01616         0    0.1702  0.006164    0.2409        69       224    0.8935    0.7833    0.8599    0.4354    0.0409  0.009078         0
   275/299    0.642G   0.04863     0.016         0    0.1694  0.006098    0.2401        60       224    0.9008    0.7941    0.8624    0.4363   0.04103  0.009032         0
   276/299    0.642G    0.0481   0.01637         0    0.1702  0.006246    0.2409        61       224    0.9054    0.7728     0.855    0.4275   0.04104  0.009065         0
   277/299    0.642G   0.04762     0.016         0    0.1666  0.006324    0.2366        50       224    0.8656    0.8089    0.8537     0.434   0.04119  0.009063         0
   278/299    0.642G   0.04778   0.01596         0    0.1684  0.006182    0.2384        56       224    0.8546    0.8109    0.8507    0.4485   0.04084  0.009099         0
   279/299    0.642G   0.04891   0.01619         0    0.1712  0.006141    0.2424        67       224    0.9002    0.8044    0.8611    0.4497   0.04043  0.009065         0
   280/299    0.642G   0.04863   0.01615         0    0.1698  0.006163    0.2408        60       224    0.9014    0.7961    0.8542    0.4454   0.04078  0.009076         0
   281/299    0.642G   0.04767   0.01563         0    0.1672  0.006049    0.2366        44       224    0.8825    0.7856    0.8529    0.4503   0.04079  0.009044         0
   282/299    0.642G    0.0479   0.01604         0    0.1695  0.006246    0.2397        46       224    0.8861    0.7771    0.8537    0.4494   0.04065   0.00899         0
   283/299    0.642G   0.04857   0.01625         0    0.1709  0.006044    0.2418        64       224    0.8958    0.7707    0.8525    0.4498   0.04043   0.00899         0
   284/299    0.642G   0.04851   0.01636         0    0.1698  0.006133    0.2408        58       224    0.8988    0.7749    0.8517    0.4358    0.0406   0.00903         0
   285/299    0.642G   0.04816   0.01568         0    0.1676  0.006206    0.2376        49       224    0.8704    0.7983     0.857    0.4497    0.0407  0.008983         0
   286/299    0.642G   0.04861   0.01617         0    0.1737  0.006368    0.2448        55       224     0.892    0.7919    0.8578    0.4413   0.04082  0.009046         0
   287/299    0.642G   0.04802   0.01605         0    0.1678  0.006266    0.2381        52       224    0.8823    0.7959    0.8561    0.4424   0.04054  0.009075         0
   288/299    0.642G   0.04777   0.01613         0    0.1689  0.006197     0.239        65       224    0.9075    0.7771     0.861    0.4409   0.04047  0.009081         0
   289/299    0.642G   0.04821   0.01594         0    0.1679   0.00602     0.238        57       224    0.9077    0.7728    0.8617    0.4491   0.04058  0.009121         0
   290/299    0.642G   0.04868   0.01615         0    0.1684  0.006147    0.2393        64       224     0.899    0.7962    0.8631    0.4491   0.04066   0.00909         0
   291/299    0.642G   0.04791   0.01596         0    0.1683    0.0063    0.2384        64       224    0.8902    0.7919    0.8591    0.4456   0.04064  0.009087         0
   292/299    0.642G   0.04807    0.0156         0    0.1681  0.006271     0.238        58       224    0.8563     0.811    0.8599    0.4454   0.04082  0.009112         0
   293/299    0.642G   0.04754   0.01559         0    0.1675  0.006346     0.237        59       224    0.8862    0.7962    0.8523    0.4525   0.04047  0.009071         0
   294/299    0.642G   0.04818   0.01592         0    0.1703  0.006057    0.2405        55       224    0.8755    0.8089    0.8541    0.4474   0.04027  0.009077         0
   295/299    0.642G   0.04752   0.01586         0    0.1671  0.006329    0.2368        49       224    0.8971     0.796    0.8594    0.4412   0.04051  0.009078         0
   296/299    0.642G   0.04803   0.01617         0    0.1703  0.006194    0.2407        51       224    0.9196    0.7813    0.8617    0.4342   0.04067  0.009071         0
   297/299    0.642G   0.04766     0.016         0    0.1678  0.006104    0.2375        73       224    0.9189    0.7699    0.8593    0.4475   0.04038  0.009029         0
   298/299    0.642G   0.04803   0.01618         0     0.168  0.006615    0.2388        62       224     0.904    0.7813    0.8539     0.445   0.04048  0.009033         0
